13 32 36 32 36 76 13 76 With-Helmet 0
14 0 32 0 32 14.999999999999998 14 14.999999999999998 With-Helmet 0
295 125.99999999999999 323 125.99999999999999 323 167 295 167 Without-Helmet 0
187 115 210 115 210 148 187 148 With-Helmet 0
388 112 415 112 415 149 388 149 Without-Helmet 0
349 106.99999999999999 368 106.99999999999999 368 135 349 135 With-Helmet 0
256 127.00000000000001 276 127.00000000000001 276 163 256 163 Without-Helmet 0
221 101 241.00000000000003 101 241.00000000000003 132 221 132 Without-Helmet 0
257 98 272 98 272 119.99999999999999 257 119.99999999999999 Without-Helmet 0
329 114.00000000000001 346 114.00000000000001 346 145 329 145 With-Helmet 0
298 98 314 98 314 123 298 123 Without-Helmet 0