49 0 152 0 152 28 49 28 With-Helmet 0
396 73 415 73 415 102 396 102 Without-Helmet 0
271 100 298 100 298 140 271 140 Without-Helmet 0
406 69 415 69 415 103 406 103 Without-Helmet 0
311 85 342 85 342 134 311 134 Without-Helmet 0
367 74 403 74 403 119.99999999999999 367 119.99999999999999 Without-Helmet 0
339 90 362 90 362 123 339 123 Without-Helmet 0
250 110 283 110 283 159 250 159 Without-Helmet 0
170 135 202 135 202 180 170 180 Without-Helmet 0
0 257 22 257 22 327 0 327 With-Helmet 0
133 226.99999999999997 169 226.99999999999997 169 284 133 284 With-Helmet 0
59.99999999999999 220 133 220 133 275 59.99999999999999 275 With-Helmet 0
9 220 98 220 98 305 9 305 With-Helmet 0