211 0 244 0 244 43 211 43 Without-Helmet 0
204 303 225.99999999999997 303 225.99999999999997 330 204 330 With-Helmet 0
166 323 189 323 189 352 166 352 With-Helmet 0
8 252.99999999999997 38 252.99999999999997 38 288 8 288 With-Helmet 0
86 307 105 307 105 331 86 331 Without-Helmet 0
0 292 29.999999999999996 292 29.999999999999996 333 0 333 With-Helmet 0
187 228.00000000000003 208 228.00000000000003 208 239.99999999999997 187 239.99999999999997 With-Helmet 0
102 230 132 230 132 265 102 265 Without-Helmet 0
170 263 191 263 191 291 170 291 With-Helmet 0
245 245 351 245 351 396 245 396 With-Helmet 0
333 228.00000000000003 409 228.00000000000003 409 264 333 264 With-Helmet 0