53 18 84 18 84 78 53 78 With-Helmet 0
35 46 59 46 59 92 35 92 With-Helmet 0
131 45 158 45 158 86 131 86 With-Helmet 0
95 56 118 56 118 96 95 96 With-Helmet 0
0 76 19 76 19 117 0 117 With-Helmet 0
343 0 415 0 415 95 343 95 With-Helmet 0
0 207 8 207 8 245 0 245 Without-Helmet 0
221 153 238.99999999999997 153 238.99999999999997 179 221 179 With-Helmet 0
289 149 308 149 308 179 289 179 Without-Helmet 0
212.99999999999997 165 231 165 231 192 212.99999999999997 192 With-Helmet 0
400 149 415 149 415 176 400 176 With-Helmet 0
262 156 297 156 297 215.00000000000003 262 215.00000000000003 With-Helmet 0
343 152 386 152 386 213.99999999999997 343 213.99999999999997 With-Helmet 0