122 129 205 129 205 205 122 205 With-Helmet 0
309 97 369 97 369 162 309 162 With-Helmet 0
147 273 195 273 195 328 147 328 With-Helmet 0
65 237 177 237 177 348 65 348 With-Helmet 0
12 237 83 237 83 293 12 293 With-Helmet 0
285 237 317 237 317 267 285 267 With-Helmet 0
314 244 363 244 363 302 314 302 With-Helmet 0
378 285 414 285 414 330 378 330 With-Helmet 0
249 237 301 237 301 277 249 277 With-Helmet 0
293 245 333 245 333 290 293 290 With-Helmet 0
333 266 387 266 387 327 333 327 With-Helmet 0
372 289 415 289 415 368 372 368 With-Helmet 0