55 161 73 161 73 184 55 184 With-Helmet 0
358 88 398 88 398 153 358 153 With-Helmet 0
326 95 366 95 366 149 326 149 With-Helmet 0
287 93 330 93 330 152 287 152 With-Helmet 0
268 105 301 105 301 156 268 156 With-Helmet 0
241.00000000000003 122 278 122 278 179 241.00000000000003 179 With-Helmet 0
216.00000000000003 114.00000000000001 246 114.00000000000001 246 155 216.00000000000003 155 With-Helmet 0
178 125 212.99999999999997 125 212.99999999999997 180 178 180 With-Helmet 0
131 135 167 135 167 193 131 193 With-Helmet 0
108.00000000000001 135 129 135 129 186 108.00000000000001 186 With-Helmet 0
32 237 81 237 81 277 32 277 With-Helmet 0
176 283 263 283 263 401 176 401 With-Helmet 0
248 275 305 275 305 366 248 366 With-Helmet 0