151 0 215.00000000000003 0 215.00000000000003 65 151 65 With-Helmet 0
296 0 340 0 340 25 296 25 With-Helmet 0
323 0 347 0 347 14.999999999999998 323 14.999999999999998 With-Helmet 0
371 9 396 9 396 51 371 51 Without-Helmet 0
343 3 375 3 375 46 343 46 With-Helmet 0
216.00000000000003 0 239.99999999999997 0 239.99999999999997 28 216.00000000000003 28 With-Helmet 0
238.99999999999997 0 282 0 282 44 238.99999999999997 44 With-Helmet 0
392 31 415 31 415 84 392 84 With-Helmet 0
352 24 389 24 389 81 352 81 With-Helmet 0
73 366 135 366 135 415 73 415 With-Helmet 0
0 237 49 237 49 312 0 312 Without-Helmet 0