344 3 395 3 395 59.99999999999999 344 59.99999999999999 Without-Helmet 0
245 34 325 34 325 125 245 125 Without-Helmet 0
178 74 246 74 246 159 178 159 Without-Helmet 0
45 273 74 273 74 309 45 309 With-Helmet 0
0 306 29.999999999999996 306 29.999999999999996 339 0 339 Without-Helmet 0
134 259 153 259 153 284 134 284 Without-Helmet 0
62.99999999999999 309 99 309 99 349 62.99999999999999 349 With-Helmet 0
0 179 8 179 8 207 0 207 Without-Helmet 0
45 186 64 186 64 210 45 210 With-Helmet 0
93 188 124 188 124 223 93 223 Without-Helmet 0
161 170 177 170 177 195 161 195 With-Helmet 0
0 236 18 236 18 267 0 267 Without-Helmet 0
260 193 302 193 302 235 260 235 With-Helmet 0
331 170 368 170 368 206 331 206 With-Helmet 0
231 230 254.00000000000003 230 254.00000000000003 256 231 256 With-Helmet 0
178 237 238.99999999999997 237 238.99999999999997 306 178 306 With-Helmet 0