0 54.00000000000001 22 54.00000000000001 22 96 0 96 With-Helmet 0
0 57.00000000000001 25 57.00000000000001 25 112.99999999999999 0 112.99999999999999 With-Helmet 0
41 33 88 33 88 89 41 89 With-Helmet 0
41 61 65 61 65 91 41 91 With-Helmet 0
29 75 47 75 47 96 29 96 With-Helmet 0
102 12 147 12 147 66 102 66 With-Helmet 0
83 44 106.99999999999999 44 106.99999999999999 75 83 75 With-Helmet 0
98 45 119 45 119 71 98 71 With-Helmet 0
149 19 174 19 174 48 149 48 With-Helmet 0
176 6 186 6 186 36 176 36 With-Helmet 0
138 28 162 28 162 58 138 58 With-Helmet 0
187 6 312 6 312 152 187 152 With-Helmet 0
150 233 187 233 187 277 150 277 With-Helmet 0
24 225.99999999999997 72 225.99999999999997 72 280 24 280 With-Helmet 0
7 238 61 238 61 298 7 298 With-Helmet 0
187 191 230 191 230 256 187 256 With-Helmet 0
284 178 337 178 337 194 284 194 With-Helmet 0
212.99999999999997 185 285 185 285 266 212.99999999999997 266 With-Helmet 0