243 8 265 8 265 59.99999999999999 243 59.99999999999999 With-Helmet 0
106.99999999999999 50 152 50 152 110 106.99999999999999 110 With-Helmet 0
44 90 64 90 64 118 44 118 With-Helmet 0
105 73 130 73 130 108.00000000000001 105 108.00000000000001 With-Helmet 0
199 47 234 47 234 95 199 95 With-Helmet 0
226.99999999999997 55 250 55 250 88 226.99999999999997 88 With-Helmet 0
142 32 177 32 177 78 142 78 With-Helmet 0
55 62 84 62 84 108.00000000000001 55 108.00000000000001 With-Helmet 0
0 72 38 72 38 134 0 134 With-Helmet 0
266 0 415 0 415 146 266 146 With-Helmet 0
366 308 405 308 405 346 366 346 Without-Helmet 0
390 296 415 296 415 344 390 344 Without-Helmet 0