243 0 275 0 275 23 243 23 With-Helmet 0
216.00000000000003 10 243 10 243 59 216.00000000000003 59 With-Helmet 0
84 221 138 221 138 281 84 281 With-Helmet 0
25 278 49 278 49 306 25 306 With-Helmet 0
84 247 114.00000000000001 247 114.00000000000001 281 84 281 With-Helmet 0
176 199 215.00000000000003 199 215.00000000000003 248 176 248 With-Helmet 0
205 202 215.00000000000003 202 215.00000000000003 235 205 235 With-Helmet 0
119 197 161 197 161 242.00000000000003 119 242.00000000000003 With-Helmet 0
33 247 70 247 70 292 33 292 With-Helmet 0
0 268 25 268 25 329 0 329 With-Helmet 0
350 216.00000000000003 407 216.00000000000003 407 280 350 280 With-Helmet 0
216.00000000000003 323 275 323 275 397 216.00000000000003 397 With-Helmet 0
226.99999999999997 238.99999999999997 290 238.99999999999997 290 305 226.99999999999997 305 With-Helmet 0