156 21 180 21 180 58 156 58 With-Helmet 0
99 21 123 21 123 59.99999999999999 99 59.99999999999999 With-Helmet 0
162 34 186 34 186 82 162 82 With-Helmet 0
106.99999999999999 22 143 22 143 73 106.99999999999999 73 With-Helmet 0
62 17 91 17 91 58 62 58 With-Helmet 0
22 12 54.00000000000001 12 54.00000000000001 57.00000000000001 22 57.00000000000001 With-Helmet 0
13 22 32 22 32 50 13 50 With-Helmet 0
0 13 14.999999999999998 13 14.999999999999998 58 0 58 With-Helmet 0
400 0 415 0 415 73 400 73 With-Helmet 0
317 0 349 0 349 35 317 35 With-Helmet 0
0 307 102 307 102 333 0 333 Without-Helmet 0
77 307 176 307 176 353 77 353 Without-Helmet 0
312 307 387 307 387 397 312 397 With-Helmet 0