41 11 59.99999999999999 11 59.99999999999999 52 41 52 With-Helmet 0
23 9 58 9 58 59.99999999999999 23 59.99999999999999 With-Helmet 0
17 17 33 17 33 47 17 47 With-Helmet 0
89 32 124 32 124 86 89 86 With-Helmet 0
80 47 96 47 96 76 80 76 With-Helmet 0
64 50 77 50 77 70 64 70 With-Helmet 0
153 57.00000000000001 185 57.00000000000001 185 110 153 110 With-Helmet 0
124 62.99999999999999 141 62.99999999999999 141 94 124 94 With-Helmet 0
137 74 151 74 151 100 137 100 With-Helmet 0
194 91 211 91 211 119.99999999999999 194 119.99999999999999 With-Helmet 0
180 89 195 89 195 118 180 118 With-Helmet 0
46 174 194 174 194 379 46 379 With-Helmet 0