99 14 125.99999999999999 14 125.99999999999999 50 99 50 With-Helmet 0
142 5 173 5 173 40 142 40 With-Helmet 0
0 108.00000000000001 24 108.00000000000001 24 144 0 144 Without-Helmet 0
79 77 122 77 122 130 79 130 Without-Helmet 0
303 4 332 4 332 39 303 39 With-Helmet 0
259 37 290 37 290 69 259 69 Without-Helmet 0
390 0 411 0 411 14.999999999999998 390 14.999999999999998 Without-Helmet 0
323 41 359 41 359 80 323 80 With-Helmet 0
218 0 238 0 238 8 218 8 With-Helmet 0
41 145 133 145 133 239.99999999999997 41 239.99999999999997 With-Helmet 0
254.00000000000003 145 304 145 304 171 254.00000000000003 171 With-Helmet 0
183 145 259 145 259 172 183 172 With-Helmet 0
183 145 233 145 233 212.99999999999997 183 212.99999999999997 With-Helmet 0