96 70 119.99999999999999 70 119.99999999999999 98 96 98 With-Helmet 0
162 65 184 65 184 92 162 92 Without-Helmet 0
45 69 69 69 69 96 45 96 Without-Helmet 0
0 58 11 58 11 92 0 92 Without-Helmet 0
122 42 139 42 139 61 122 61 With-Helmet 0
92 323 119.99999999999999 323 119.99999999999999 358 92 358 With-Helmet 0
143 316 161 316 161 340 143 340 With-Helmet 0
190 335 215.00000000000003 335 215.00000000000003 365 190 365 Without-Helmet 0
351 178 384 178 384 221 351 221 Without-Helmet 0
278 153 296 153 296 168 278 168 Without-Helmet 0
339 153 360 153 360 180 339 180 Without-Helmet 0