322 2 372 2 372 48 322 48 With-Helmet 0
108.00000000000001 38 172 38 172 119.99999999999999 108.00000000000001 119.99999999999999 With-Helmet 0
335 4 395 4 395 89 335 89 With-Helmet 0
202 59 245 59 245 116 202 116 With-Helmet 0
228.00000000000003 52 293 52 293 139 228.00000000000003 139 With-Helmet 0
70 212 94 212 94 223 70 223 With-Helmet 0
0 212 22 212 22 263 0 263 Without-Helmet 0
74 212 94 212 94 238.99999999999997 74 238.99999999999997 With-Helmet 0
255.00000000000003 212 301 212 301 238 255.00000000000003 238 Without-Helmet 0
332 212 375 212 375 226.99999999999997 332 226.99999999999997 Without-Helmet 0
294 212 341 212 341 241.00000000000003 294 241.00000000000003 Without-Helmet 0