211 158 219 158 219 186 211 186 With-Helmet 0
44 180 66 180 66 194 44 194 With-Helmet 0
133 188 147 188 147 194 133 194 Without-Helmet 0
184 0 196 0 196 10 184 10 With-Helmet 0
12 74 26 74 26 99 12 99 Without-Helmet 0
173 55 187 55 187 78 173 78 With-Helmet 0
66 94 79 94 79 117 66 117 With-Helmet 0
112 111 133 111 133 143 112 143 Without-Helmet 0
185 105 198 105 198 132 185 132 With-Helmet 0
3 132 21 132 21 158 3 158 Without-Helmet 0
242.00000000000003 0 358 0 358 42 242.00000000000003 42 With-Helmet 0
175 195 219 195 219 268 175 268 With-Helmet 0
346 195 415 195 415 354 346 354 With-Helmet 0