169 0 196 0 196 29.999999999999996 169 29.999999999999996 Without-Helmet 0
203 2 226.99999999999997 2 226.99999999999997 61 203 61 With-Helmet 0
276 0 326 0 326 49 276 49 With-Helmet 0
271 3 298 3 298 38 271 38 With-Helmet 0
355 36 392 36 392 85 355 85 With-Helmet 0
378 57.00000000000001 402 57.00000000000001 402 89 378 89 With-Helmet 0
322 0 361 0 361 39 322 39 With-Helmet 0
234 0 268 0 268 14 234 14 With-Helmet 0
376 127.00000000000001 404 127.00000000000001 404 160 376 160 With-Helmet 0
351 122 380 122 380 156 351 156 With-Helmet 0
393 139 415 139 415 170 393 170 With-Helmet 0
278 106.99999999999999 320 106.99999999999999 320 155 278 155 With-Helmet 0
228.00000000000003 104 263 104 263 162 228.00000000000003 162 With-Helmet 0