305 85 319 85 319 159 305 159 With-Helmet 0
245 103 279 103 279 166 245 166 With-Helmet 0
212.99999999999997 110 247 110 247 160 212.99999999999997 160 With-Helmet 0
174 108.00000000000001 211 108.00000000000001 211 162 174 162 With-Helmet 0
154 119 183 119 183 166 154 166 With-Helmet 0
127.00000000000001 135 159 135 159 188 127.00000000000001 188 With-Helmet 0
103 125 128 125 128 164 103 164 With-Helmet 0
64 136 94 136 94 189 64 189 With-Helmet 0
19 145 49 145 49 201 19 201 With-Helmet 0
0 145 11 145 11 192 0 192 With-Helmet 0
59.99999999999999 289 121.00000000000001 289 121.00000000000001 366 59.99999999999999 366 With-Helmet 0