1 43 56 43 56 108.00000000000001 1 108.00000000000001 Without-Helmet 0
0 264 22 264 22 308 0 308 With-Helmet 0
0 266 23 266 23 324 0 324 With-Helmet 0
46 244 89 244 89 303 46 303 With-Helmet 0
43 273 65 273 65 303 43 303 With-Helmet 0
29.999999999999996 287 46 287 46 308 29.999999999999996 308 With-Helmet 0
110 237 152 237 152 282 110 282 With-Helmet 0
88 257 109 257 109 289 88 289 With-Helmet 0
102 259 121.00000000000001 259 121.00000000000001 286 102 286 With-Helmet 0
157 237 180 237 180 266 157 266 With-Helmet 0
186 237 206 237 206 252.99999999999997 186 252.99999999999997 With-Helmet 0
145 243 166 243 166 274 145 274 With-Helmet 0
190 237 223 237 223 267 190 267 With-Helmet 0
224 237 264 237 264 255.00000000000003 224 255.00000000000003 With-Helmet 0
224 237 243 237 243 270 224 270 With-Helmet 0
254.00000000000003 237 318 237 318 260 254.00000000000003 260 With-Helmet 0