0 0 125 0 125 81 0 81 Without-Helmet 0
343 69 378 69 378 112.99999999999999 343 112.99999999999999 Without-Helmet 0
242.00000000000003 41 269 41 269 77 242.00000000000003 77 With-Helmet 0
403 57.00000000000001 415 57.00000000000001 415 88 403 88 With-Helmet 0
212 55 233 55 233 93 212 93 Without-Helmet 0
306 62.99999999999999 332 62.99999999999999 332 102 306 102 Without-Helmet 0
278 33 302 33 302 65 278 65 Without-Helmet 0
315 34 334 34 334 58 315 58 Without-Helmet 0
381 62.99999999999999 403 62.99999999999999 403 94 381 94 With-Helmet 0
355 42 375 42 375 67 355 67 Without-Helmet 0
144 265 179 265 179 310 144 310 With-Helmet 0
201 286 211 286 211 346 201 346 With-Helmet 0
3 265 39 265 39 312 3 312 With-Helmet 0
76 278 123 278 123 340 76 340 With-Helmet 0