145 217 161 217 161 226.99999999999997 145 226.99999999999997 With-Helmet 0
27.000000000000004 218 47 218 47 226.99999999999997 27.000000000000004 226.99999999999997 Without-Helmet 0
123 129 142 129 142 155 123 155 With-Helmet 0
10 102 28 102 28 127.00000000000001 10 127.00000000000001 With-Helmet 0
39 142 69 142 69 179 39 179 Without-Helmet 0
109 177 129 177 129 206 109 206 With-Helmet 0
101 251.99999999999997 147 251.99999999999997 147 315 101 315 With-Helmet 0
17 229.00000000000003 56 229.00000000000003 56 281 17 281 With-Helmet 0
79 264 114.00000000000001 264 114.00000000000001 313 79 313 With-Helmet 0
0 228.00000000000003 12 228.00000000000003 12 274 0 274 With-Helmet 0
129 308 162 308 162 352 129 352 With-Helmet 0
35 268 66 268 66 310 35 310 With-Helmet 0
271 228.00000000000003 415 228.00000000000003 415 315 271 315 With-Helmet 0