0 14 190 14 190 190 0 190 With-Helmet 0
103 32 233 32 233 185 103 185 With-Helmet 0
262 0 278 0 278 22 262 22 With-Helmet 0
283 0 319 0 319 10 283 10 With-Helmet 0
90 308 111 308 111 337 90 337 Without-Helmet 0
186 268 205 268 205 294 186 294 Without-Helmet 0
245 248 261 248 261 267 245 267 Without-Helmet 0
223 266 239.99999999999997 266 239.99999999999997 287 223 287 Without-Helmet 0
55 322 76 322 76 349 55 349 Without-Helmet 0
0 344 14.999999999999998 344 14.999999999999998 372 0 372 Without-Helmet 0
328 191 415 191 415 272 328 272 With-Helmet 0