24 2 92 2 92 86 24 86 With-Helmet 0
84 14.999999999999998 150 14.999999999999998 150 101 84 101 With-Helmet 0
395 367 409 367 409 394 395 394 With-Helmet 0
367 402 383 402 383 415 367 415 With-Helmet 0
197 401 220 401 220 415 197 415 With-Helmet 0
184 291 198 291 198 317 184 317 Without-Helmet 0
346 295 360 295 360 317 346 317 With-Helmet 0
234 318 247 318 247 341 234 341 With-Helmet 0
275 342 298 342 298 374 275 374 Without-Helmet 0
349 345 362 345 362 372 349 372 With-Helmet 0
178 347 183 347 183 375 178 375 Without-Helmet 0