106 94 138 94 138 139 106 139 With-Helmet 0
0 83 32 83 32 157 0 157 With-Helmet 0
255.00000000000003 347 286 347 286 393 255.00000000000003 393 Without-Helmet 0
349 351 379 351 379 391 349 391 Without-Helmet 0
312 338 333 338 333 368 312 368 With-Helmet 0
216.00000000000003 340 239.99999999999997 340 239.99999999999997 380 216.00000000000003 380 Without-Helmet 0
195 309 208 309 208 343 195 343 Without-Helmet 0
222 312 238.99999999999997 312 238.99999999999997 336 222 336 Without-Helmet 0
291 342 310 342 310 375 291 375 With-Helmet 0
262 320 280 320 280 347 262 347 Without-Helmet 0
401 340 415 340 415 366 401 366 Without-Helmet 0