116 0 154 0 154 13 116 13 Without-Helmet 0
129 0 175 0 175 13 129 13 Without-Helmet 0
97 0 125.99999999999999 0 125.99999999999999 27.000000000000004 97 27.000000000000004 Without-Helmet 0
65 8 87 8 87 38 65 38 Without-Helmet 0
74 3 103 3 103 38 74 38 Without-Helmet 0
0 28 23 28 23 80 0 80 Without-Helmet 0
37 10 79 10 79 59.99999999999999 37 59.99999999999999 Without-Helmet 0
12 31 40 31 40 65 12 65 Without-Helmet 0
318 5 361 5 361 57.00000000000001 318 57.00000000000001 With-Helmet 0
232 106.99999999999999 260 106.99999999999999 260 152 232 152 Without-Helmet 0
0 153 54.00000000000001 153 54.00000000000001 245 0 245 Without-Helmet 0
314 171 365 171 365 232 314 232 With-Helmet 0
232 182 288 182 288 312 232 312 Without-Helmet 0