119 65 141 65 141 92 119 92 With-Helmet 0
85 90 108.00000000000001 90 108.00000000000001 118 85 118 With-Helmet 0
3 81 22 81 22 105 3 105 Without-Helmet 0
8 2 38 2 38 37 8 37 Without-Helmet 0
80 29 100 29 100 57.00000000000001 80 57.00000000000001 With-Helmet 0
243 0 410 0 410 91 243 91 With-Helmet 0
51 215.00000000000003 98 215.00000000000003 98 268 51 268 With-Helmet 0
16 212 67 212 67 270 16 270 With-Helmet 0
131 258 170 258 170 302 131 302 With-Helmet 0
96 248 131 248 131 289 96 289 With-Helmet 0
389 221 415 221 415 290 389 290 With-Helmet 0