66 19 108.00000000000001 19 108.00000000000001 58 66 58 Without-Helmet 0
91 9 150 9 150 56 91 56 Without-Helmet 0
183 207 223 207 223 284 183 284 With-Helmet 0
125 232 170 232 170 297 125 297 With-Helmet 0
94 242.00000000000003 137 242.00000000000003 137 296 94 296 With-Helmet 0
54.00000000000001 244 102 244 102 302 54.00000000000001 302 With-Helmet 0
36 258 73 258 73 308 36 308 With-Helmet 0
9 277 51 277 51 334 9 334 With-Helmet 0
0 270 18 270 18 313 0 313 With-Helmet 0
307 137 403 137 403 221 307 221 With-Helmet 0
251.99999999999997 137 335 137 335 210 251.99999999999997 210 With-Helmet 0