101 0 174 0 174 86 101 86 With-Helmet 0
141 0 186 0 186 47 141 47 Without-Helmet 0
376 85 390 85 390 112 376 112 With-Helmet 0
345 114.00000000000001 362 114.00000000000001 362 142 345 142 With-Helmet 0
187 83 199 83 199 118 187 118 With-Helmet 0
263 118 277 118 277 142 263 142 Without-Helmet 0
187 125 203 125 203 163 187 163 With-Helmet 0
333 4 347 4 347 27.000000000000004 333 27.000000000000004 With-Helmet 0
220 7 234 7 234 29.999999999999996 220 29.999999999999996 With-Helmet 0
259 38 282 38 282 72 259 72 Without-Helmet 0
331 54.00000000000001 346 54.00000000000001 346 82 331 82 With-Helmet 0
144 281 167 281 167 316 144 316 Without-Helmet 0