336 154 392 154 392 221 336 221 With-Helmet 0
406 143 415 143 415 198 406 198 Without-Helmet 0
52 314 72 314 72 350 52 350 With-Helmet 0
174 312 226.99999999999997 312 226.99999999999997 392 174 392 With-Helmet 0
83 321 119 321 119 377 83 377 With-Helmet 0
0 320 14.999999999999998 320 14.999999999999998 357 0 357 With-Helmet 0
64 328 94 328 94 370 64 370 With-Helmet 0
7 322 35 322 35 368 7 368 With-Helmet 0
122 325 162 325 162 398 122 398 With-Helmet 0
380 387 413 387 413 415 380 415 With-Helmet 0
292 378 338 378 338 415 292 415 With-Helmet 0