189 0 251.99999999999997 0 251.99999999999997 59 189 59 With-Helmet 0
62 0 127.00000000000001 0 127.00000000000001 50 62 50 With-Helmet 0
0 0 49 0 49 86 0 86 With-Helmet 0
258 139 311 139 311 186 258 186 With-Helmet 0
337 0 358 0 358 11 337 11 With-Helmet 0
284 0 310 0 310 29.999999999999996 284 29.999999999999996 With-Helmet 0
311 1 338 1 338 38 311 38 With-Helmet 0
334 3 365 3 365 47 334 47 With-Helmet 0
252.99999999999997 22 295 22 295 82 252.99999999999997 82 With-Helmet 0
345 46 379 46 379 92 345 92 With-Helmet 0
313 66 359 66 359 134 313 134 With-Helmet 0
394 89 415 89 415 156 394 156 With-Helmet 0
125 187 176 187 176 218 125 218 With-Helmet 0
0 187 18 187 18 246 0 246 With-Helmet 0