0 11 38 11 38 76 0 76 With-Helmet 0
159 2 192 2 192 54.00000000000001 159 54.00000000000001 With-Helmet 0
0 17 14.999999999999998 17 14.999999999999998 87 0 87 With-Helmet 0
91 0 155 0 155 37 91 37 With-Helmet 0
38 0 117 0 117 61 38 61 With-Helmet 0
212 28 245 28 245 117 212 117 With-Helmet 0
243 66 291 66 291 138 243 138 Without-Helmet 0
168 191 211 191 211 298 168 298 Without-Helmet 0
3 226.99999999999997 80 226.99999999999997 80 354 3 354 Without-Helmet 0
130 208 211 208 211 346 130 346 Without-Helmet 0
212 191 251 191 251 220 212 220 With-Helmet 0