0 0 82 0 82 94 0 94 With-Helmet 0
116 44 125 44 125 90 116 90 Without-Helmet 0
223 5 245 5 245 29.999999999999996 223 29.999999999999996 Without-Helmet 0
178 26 203 26 203 56 178 56 Without-Helmet 0
254.00000000000003 0 277 0 277 25 254.00000000000003 25 Without-Helmet 0
0 196 8 196 8 235 0 235 With-Helmet 0
75 174 115 174 115 204 75 204 With-Helmet 0
7 177 59 177 59 241.00000000000003 7 241.00000000000003 With-Helmet 0
0 196 38 196 38 246 0 246 With-Helmet 0
42 174 104 174 104 237 42 237 With-Helmet 0
179 174 284 174 284 208 179 208 With-Helmet 0