0 0 70 0 70 110 0 110 With-Helmet 0
82 0 222 0 222 61 82 61 With-Helmet 0
270 124 303 124 303 172 270 172 Without-Helmet 0
388 115 415 115 415 169 388 169 With-Helmet 0
249 133 260 133 260 182 249 182 With-Helmet 0
289 121.00000000000001 320 121.00000000000001 320 166 289 166 Without-Helmet 0
143 270 190 270 190 344 143 344 Without-Helmet 0
208 270 243 270 243 330 208 330 With-Helmet 0
360 311 382 311 382 343 360 343 Without-Helmet 0
340 317 366 317 366 355 340 355 With-Helmet 0
344 341 380 341 380 395 344 395 With-Helmet 0
269 351 306 351 306 403 269 403 With-Helmet 0
384 341 415 341 415 396 384 396 With-Helmet 0