14 16 42 16 42 58 14 58 With-Helmet 0
67 29.999999999999996 85 29.999999999999996 85 55 67 55 With-Helmet 0
347 139 363 139 363 165 347 165 With-Helmet 0
318 171 336 171 336 199 318 199 With-Helmet 0
153 157 173 157 173 192 153 192 With-Helmet 0
236 184 251 184 251 208 236 208 Without-Helmet 0
153 199 179 199 179 238 153 238 With-Helmet 0
325 3 336 3 336 20 325 20 With-Helmet 0
300 62 316 62 316 85 300 85 With-Helmet 0
188 77 202 77 202 100 188 100 With-Helmet 0
228.00000000000003 103 252.99999999999997 103 252.99999999999997 137 228.00000000000003 137 Without-Helmet 0
301 112.99999999999999 317 112.99999999999999 317 141 301 141 With-Helmet 0
94 245 152 245 152 283 94 283 With-Helmet 0