0 94 18 94 18 173 0 173 Without-Helmet 0
0 82 47 82 47 164 0 164 Without-Helmet 0
10 78 61 78 61 141 10 141 Without-Helmet 0
29.999999999999996 61 89 61 89 132 29.999999999999996 132 Without-Helmet 0
44 0 112.99999999999999 0 112.99999999999999 69 44 69 Without-Helmet 0
94 10 153 10 153 77 94 77 Without-Helmet 0
119.99999999999999 0 179 0 179 52 119.99999999999999 52 Without-Helmet 0
216.00000000000003 117 275 117 275 188 216.00000000000003 188 Without-Helmet 0
378 39 415 39 415 112.99999999999999 378 112.99999999999999 With-Helmet 0
400 20 415 20 415 110 400 110 With-Helmet 0
26 232 179 232 179 292 26 292 With-Helmet 0