33 0 99 0 99 62.99999999999999 33 62.99999999999999 With-Helmet 0
321 14.999999999999998 396 14.999999999999998 396 119 321 119 With-Helmet 0
237 84 279 84 279 119 237 119 With-Helmet 0
211 283 215.00000000000003 283 215.00000000000003 313 211 313 With-Helmet 0
45 239.99999999999997 68 239.99999999999997 68 275 45 275 With-Helmet 0
0 239.99999999999997 16 239.99999999999997 16 271 0 271 Without-Helmet 0
129 281 143 281 143 306 129 306 Without-Helmet 0
38 282 68 282 68 321 38 321 With-Helmet 0
52 128 69 128 69 155 52 155 Without-Helmet 0
210 173 215.00000000000003 173 215.00000000000003 198 210 198 With-Helmet 0
11 125.99999999999999 24 125.99999999999999 24 147 11 147 With-Helmet 0
97 168 111 168 111 192 97 192 With-Helmet 0
132 201 156 201 156 237 132 237 Without-Helmet 0
203 223 215.00000000000003 223 215.00000000000003 252.99999999999997 203 252.99999999999997 With-Helmet 0
0 169 7 169 7 194 0 194 With-Helmet 0
25 179 44 179 44 207 25 207 Without-Helmet 0
303 187 332 187 332 225.99999999999997 303 225.99999999999997 With-Helmet 0
216.00000000000003 159 228.00000000000003 159 228.00000000000003 204 216.00000000000003 204 With-Helmet 0
368 201 408 201 408 258 368 258 With-Helmet 0
284 194 307 194 307 228.00000000000003 284 228.00000000000003 With-Helmet 0