215.00000000000003 144 235 144 235 173 215.00000000000003 173 Without-Helmet 0
89 102 117 102 117 142 89 142 Without-Helmet 0
224 146 248 146 248 182 224 182 Without-Helmet 0
129 111 161 111 161 161 129 161 Without-Helmet 0
184 132 220 132 220 180 184 180 Without-Helmet 0
155 128 179 128 179 163 155 163 Without-Helmet 0
62.99999999999999 101 98 101 98 151 62.99999999999999 151 Without-Helmet 0
0 79 17 79 17 125.99999999999999 0 125.99999999999999 Without-Helmet 0
146 294 168 294 168 327 146 327 Without-Helmet 0
197 313 218 313 218 348 197 348 With-Helmet 0
24 294 45 294 45 322 24 322 Without-Helmet 0
393 245 415 245 415 355 393 355 Without-Helmet 0