48 0 158 0 158 119 48 119 With-Helmet 0
210 133 238 133 238 165 210 165 With-Helmet 0
301 244 329 244 329 278 301 278 Without-Helmet 0
360 269 411 269 411 334 360 334 With-Helmet 0
388 293 415 293 415 327 388 327 With-Helmet 0
279 239.99999999999997 311 239.99999999999997 311 279 279 279 With-Helmet 0
399 318 415 318 415 364 399 364 With-Helmet 0
264 262 309 262 309 319 264 319 With-Helmet 0
193 232 241.00000000000003 232 241.00000000000003 287 193 287 With-Helmet 0
298 284 347 284 347 342 298 342 With-Helmet 0
399 341 415 341 415 400 399 400 With-Helmet 0