133 8 152 8 152 49 133 49 Without-Helmet 0
0 31 19 31 19 70 0 70 Without-Helmet 0
259 149 283 149 283 191 259 191 With-Helmet 0
313 168 332 168 332 196 313 196 With-Helmet 0
339 171 355 171 355 198 339 198 With-Helmet 0
153 98 178 98 178 147 153 147 With-Helmet 0
153 104 161 104 161 159 153 159 With-Helmet 0
0 243 16 243 16 292 0 292 With-Helmet 0
42 219 92 219 92 306 42 306 With-Helmet 0
95 238 140 238 140 313 95 313 With-Helmet 0
340 277 363 277 363 305 340 305 Without-Helmet 0
252.99999999999997 289 273 289 273 315 252.99999999999997 315 Without-Helmet 0
336 242.00000000000003 362 242.00000000000003 362 277 336 277 Without-Helmet 0
251.99999999999997 260 276 260 276 292 251.99999999999997 292 Without-Helmet 0