224 52 262 52 262 134 224 134 With-Helmet 0
134 42 187 42 187 156 134 156 With-Helmet 0
6 27.000000000000004 85 27.000000000000004 85 171 6 171 With-Helmet 0
368 0 401 0 401 29 368 29 Without-Helmet 0
134 278 201 278 201 323 134 323 With-Helmet 0
193 278 250 278 250 335 193 335 With-Helmet 0
384 289 407 289 407 322 384 322 Without-Helmet 0
362 292 390 292 390 329 362 329 With-Helmet 0
355 316 393 316 393 370 355 370 With-Helmet 0
280 309 320 309 320 362 280 362 With-Helmet 0
392 325 415 325 415 380 392 380 With-Helmet 0