132 16 182 16 182 93 132 93 With-Helmet 0
119.99999999999999 47 175 47 175 117 119.99999999999999 117 With-Helmet 0
26 71 100 71 100 156 26 156 With-Helmet 0
183 0 311 0 311 136 183 136 With-Helmet 0
364 303 405 303 405 367 364 367 With-Helmet 0
332 313 372 313 372 365 332 365 With-Helmet 0
293 316 336 316 336 373 293 373 With-Helmet 0
273 330 308 330 308 379 273 379 With-Helmet 0
246 349 284 349 284 404 246 404 With-Helmet 0
222 344 251.99999999999997 344 251.99999999999997 383 222 383 With-Helmet 0
183 358 219 358 219 412 183 412 With-Helmet 0