391 25 415 25 415 75 391 75 With-Helmet 0
251 58 293 58 293 115 251 115 With-Helmet 0
185 92 203 92 203 119 185 119 With-Helmet 0
247 80 271 80 271 112 247 112 With-Helmet 0
343 61 375 61 375 106.99999999999999 343 106.99999999999999 With-Helmet 0
371 70 392 70 392 102 371 102 With-Helmet 0
288 43 320 43 320 86 288 86 With-Helmet 0
198 66 224 66 224 110 198 110 With-Helmet 0
359 266 412 266 412 342 359 342 With-Helmet 0
347 296 399 296 399 366 347 366 With-Helmet 0
256 314 325 314 325 400 256 400 With-Helmet 0