0 0 111 0 111 85 0 85 With-Helmet 0
259 92 281 92 281 117 259 117 With-Helmet 0
318 181 350 181 350 198 318 198 Without-Helmet 0
355 187 393 187 393 198 355 198 Without-Helmet 0
135 199 173 199 173 247 135 247 With-Helmet 0
0 238 12 238 12 293 0 293 With-Helmet 0
55 225.99999999999997 92 225.99999999999997 92 277 55 277 With-Helmet 0
121.00000000000001 215.00000000000003 154 215.00000000000003 154 262 121.00000000000001 262 With-Helmet 0
24 254.00000000000003 54.00000000000001 254.00000000000003 54.00000000000001 298 24 298 With-Helmet 0
12 264 43 264 43 310 12 310 With-Helmet 0
87 250 117 250 117 290 87 290 With-Helmet 0