406 91 415 91 415 139 406 139 With-Helmet 0
378 111 400 111 400 153 378 153 With-Helmet 0
299 117 314 117 314 157 299 157 With-Helmet 0
329 127.00000000000001 349 127.00000000000001 349 161 329 161 With-Helmet 0
349 128 375 128 375 170 349 170 With-Helmet 0
237 274 273 274 273 297 237 297 With-Helmet 0
263 274 283 274 283 285 263 285 With-Helmet 0
285 274 298 274 298 314 285 314 With-Helmet 0
143 274 176 274 176 316 143 316 With-Helmet 0
67 274 102 274 102 308 67 308 With-Helmet 0
183 274 220 274 220 325 183 325 With-Helmet 0