313 45 374 45 374 116 313 116 With-Helmet 0
95 267 123 267 123 310 95 310 With-Helmet 0
109 296 123 296 123 346 109 346 With-Helmet 0
59 238.99999999999997 83 238.99999999999997 83 273 59 273 With-Helmet 0
397 301 415 301 415 367 397 367 With-Helmet 0
372 287 415 287 415 342 372 342 With-Helmet 0
340 261 387 261 387 321 340 321 With-Helmet 0
321 257 358 257 358 307 321 307 With-Helmet 0
286 251.99999999999997 328 251.99999999999997 328 309 286 309 With-Helmet 0
278 230 310 230 310 272 278 272 With-Helmet 0
235 212.99999999999997 275 212.99999999999997 275 269 235 269 With-Helmet 0
191 192 232 192 232 250 191 250 With-Helmet 0
159 191 202 191 202 219 159 219 With-Helmet 0