127.00000000000001 3 215.00000000000003 3 215.00000000000003 119 127.00000000000001 119 With-Helmet 0
143 216.00000000000003 178 216.00000000000003 178 234 143 234 With-Helmet 0
21 216.00000000000003 55 216.00000000000003 55 261 21 261 With-Helmet 0
49 216.00000000000003 78 216.00000000000003 78 255.00000000000003 49 255.00000000000003 Without-Helmet 0
74 216.00000000000003 112.99999999999999 216.00000000000003 112.99999999999999 265 74 265 With-Helmet 0
115 216.00000000000003 161 216.00000000000003 161 269 115 269 With-Helmet 0
91 216.00000000000003 135 216.00000000000003 135 272 91 272 Without-Helmet 0
216.00000000000003 255.00000000000003 252.99999999999997 255.00000000000003 252.99999999999997 319 216.00000000000003 319 With-Helmet 0
263 222 344 222 344 335 263 335 With-Helmet 0
361 216.00000000000003 415 216.00000000000003 415 329 361 329 With-Helmet 0
216.00000000000003 251.99999999999997 236 251.99999999999997 236 332 216.00000000000003 332 With-Helmet 0