106 74 132 74 132 103 106 103 With-Helmet 0
160 37 184 37 184 65 160 65 Without-Helmet 0
62 98 88 98 88 127.00000000000001 62 127.00000000000001 Without-Helmet 0
4 118 35 118 35 144 4 144 Without-Helmet 0
112.99999999999999 39 131 39 131 59 112.99999999999999 59 With-Helmet 0
24 188 89 188 89 269 24 269 With-Helmet 0
0 381 72 381 72 415 0 415 With-Helmet 0
62 145 122 145 122 176 62 176 With-Helmet 0
145 145 190 145 190 178 145 178 With-Helmet 0
356 187 415 187 415 261 356 261 With-Helmet 0
219 260 270 260 270 324 219 324 With-Helmet 0