86 0 122 0 122 10 86 10 With-Helmet 0
73 0 123 0 123 51 73 51 With-Helmet 0
1 0 52 0 52 28 1 28 With-Helmet 0
110 9 162 9 162 69 110 69 With-Helmet 0
183 94 201 94 201 114.00000000000001 183 114.00000000000001 With-Helmet 0
134 119.99999999999999 169 119.99999999999999 169 234 134 234 With-Helmet 0
77 119.99999999999999 169 119.99999999999999 169 213.99999999999997 77 213.99999999999997 With-Helmet 0
315 119.99999999999999 349 119.99999999999999 349 143 315 143 Without-Helmet 0
352 119.99999999999999 393 119.99999999999999 393 163 352 163 Without-Helmet 0
406 133 415 133 415 185 406 185 Without-Helmet 0
380 129 408 129 408 165 380 165 Without-Helmet 0
287 119.99999999999999 329 119.99999999999999 329 150 287 150 Without-Helmet 0