27.000000000000004 0 80 0 80 67 27.000000000000004 67 Without-Helmet 0
57.00000000000001 0 109 0 109 71 57.00000000000001 71 Without-Helmet 0
89 1 127.00000000000001 1 127.00000000000001 59 89 59 Without-Helmet 0
111 0 140 0 140 58 111 58 Without-Helmet 0
143 0 208 0 208 57.00000000000001 143 57.00000000000001 With-Helmet 0
0 313 18 313 18 342 0 342 Without-Helmet 0
57.00000000000001 308 80 308 80 339 57.00000000000001 339 Without-Helmet 0
81 373 111 373 111 413 81 413 Without-Helmet 0
131 271 140 271 140 291 131 291 Without-Helmet 0
27.000000000000004 289 40 289 40 306 27.000000000000004 306 Without-Helmet 0
287 310 320 310 320 347 287 347 Without-Helmet 0