0 0 46 0 46 105 0 105 Without-Helmet 0
275 51 301 51 301 89 275 89 With-Helmet 0
392 4 415 4 415 92 392 92 With-Helmet 0
307 44 352 44 352 106 307 106 With-Helmet 0
224 75 248 75 248 112 224 112 With-Helmet 0
291 58 328 58 328 104 291 104 With-Helmet 0
235 70 271 70 271 119 235 119 With-Helmet 0
347 36 399 36 399 112.99999999999999 347 112.99999999999999 With-Helmet 0
188 84 218 84 218 125 188 125 With-Helmet 0
150 94 184 94 184 136 150 136 With-Helmet 0
149 110 164 110 164 136 149 136 With-Helmet 0
0 173 77 173 77 315 0 315 With-Helmet 0
156 137 257 137 257 286 156 286 Without-Helmet 0