105 0 145 0 145 40 105 40 Without-Helmet 0
48 13 97 13 97 76 48 76 Without-Helmet 0
0 70 14.999999999999998 70 14.999999999999998 125 0 125 With-Helmet 0
76 12 119.99999999999999 12 119.99999999999999 71 76 71 Without-Helmet 0
139 0 170 0 170 36 139 36 Without-Helmet 0
0 68 41 68 41 124 0 124 Without-Helmet 0
242.00000000000003 0 298 0 298 20 242.00000000000003 20 Without-Helmet 0
178 16 205 16 205 74 178 74 Without-Helmet 0
82 248 137 248 137 319 82 319 With-Helmet 0
103 232 173 232 173 318 103 318 With-Helmet 0
178 232 273 232 273 267 178 267 With-Helmet 0