87 0 182 0 182 118 87 118 With-Helmet 0
392 22 415 22 415 78 392 78 With-Helmet 0
324 49 343 49 343 76 324 76 With-Helmet 0
387 43 409 43 409 74 387 74 With-Helmet 0
239.99999999999997 62.99999999999999 268 62.99999999999999 268 100 239.99999999999997 100 With-Helmet 0
206 80 222 80 222 104 206 104 With-Helmet 0
225.99999999999997 77 248 77 248 106.99999999999999 225.99999999999997 106.99999999999999 With-Helmet 0
339 25 364 25 364 68 339 68 With-Helmet 0
278 27.000000000000004 315 27.000000000000004 315 84 278 84 With-Helmet 0
0 324 33 324 33 415 0 415 Without-Helmet 0
342 232 407 232 407 287 342 287 With-Helmet 0