0 29.999999999999996 25 29.999999999999996 25 119 0 119 With-Helmet 0
57.00000000000001 32 84 32 84 70 57.00000000000001 70 With-Helmet 0
64 0 127.00000000000001 0 127.00000000000001 55 64 55 With-Helmet 0
0 11 34 11 34 68 0 68 With-Helmet 0
128 0 196 0 196 54.00000000000001 128 54.00000000000001 With-Helmet 0
98 224 127.00000000000001 224 127.00000000000001 285 98 285 With-Helmet 0
29 249 59.99999999999999 249 59.99999999999999 291 29 291 With-Helmet 0
233 217 264 217 264 262 233 262 With-Helmet 0
289 223 313 223 313 255.00000000000003 289 255.00000000000003 With-Helmet 0
316 223 336 223 336 255.00000000000003 316 255.00000000000003 With-Helmet 0
128 192 152 192 152 246 128 246 With-Helmet 0