67 70 97 70 97 106 67 106 Without-Helmet 0
129 29 173 29 173 98 129 98 With-Helmet 0
158 39 173 39 173 75 158 75 With-Helmet 0
51 81 86 81 86 123 51 123 With-Helmet 0
61 100 111 100 111 160 61 160 With-Helmet 0
0 131 44 131 44 191 0 191 With-Helmet 0
100 87 152 87 152 149 100 149 With-Helmet 0
174 88 199 88 199 164 174 164 With-Helmet 0
291 37 340 37 340 97 291 97 With-Helmet 0
300 0 379 0 379 61 300 61 With-Helmet 0
212 0 299 0 299 99 212 99 With-Helmet 0
174 17 269 17 269 138 174 138 With-Helmet 0
0 228.00000000000003 156 228.00000000000003 156 333 0 333 With-Helmet 0
174 252.99999999999997 202 252.99999999999997 202 295 174 295 With-Helmet 0
257 244 291 244 291 288 257 288 With-Helmet 0