87 7 111 7 111 41 87 41 With-Helmet 0
29 3 59.99999999999999 3 59.99999999999999 40 29 40 With-Helmet 0
50 20 81 20 81 58 50 58 With-Helmet 0
66 31 104 31 104 77 66 77 With-Helmet 0
0 17 28 17 28 79 0 79 With-Helmet 0
137 85 154 85 154 146 137 146 With-Helmet 0
49 0 73 0 73 14.999999999999998 49 14.999999999999998 With-Helmet 0
53 74 94 74 94 122 53 122 With-Helmet 0
6 80 62.99999999999999 80 62.99999999999999 150 6 150 With-Helmet 0
146 20 157 20 157 50 146 50 With-Helmet 0
67 134 121.00000000000001 134 121.00000000000001 201 67 201 With-Helmet 0
338 0 415 0 415 85 338 85 With-Helmet 0
34 259 157 259 157 415 34 415 With-Helmet 0