62.99999999999999 37 92 37 92 71 62.99999999999999 71 Without-Helmet 0
118 66 172 66 172 129 118 129 With-Helmet 0
147 90 175 90 175 123 147 123 With-Helmet 0
40 32 75 32 75 72 40 72 With-Helmet 0
182 127.00000000000001 198 127.00000000000001 198 169 182 169 Without-Helmet 0
157 115 196 115 196 160 157 160 With-Helmet 0
23 54.00000000000001 71 54.00000000000001 71 111 23 111 With-Helmet 0
57.00000000000001 77 108.00000000000001 77 108.00000000000001 135 57.00000000000001 135 With-Helmet 0
155 138 198 138 198 196 155 196 With-Helmet 0
341 0 393 0 393 22 341 22 With-Helmet 0
352 0 415 0 415 67 352 67 With-Helmet 0