58 0 161 0 161 125.99999999999999 58 125.99999999999999 Without-Helmet 0
225.99999999999997 0 270 0 270 22 225.99999999999997 22 With-Helmet 0
218 0 238.99999999999997 0 238.99999999999997 9 218 9 With-Helmet 0
283 0 324 0 324 52 283 52 With-Helmet 0
257 0 280 0 280 31 257 31 With-Helmet 0
269 11 287 11 287 38 269 38 With-Helmet 0
322 34 343 34 343 64 322 64 With-Helmet 0
349 45 368 45 368 74 349 74 With-Helmet 0
308 31 327 31 327 61 308 61 With-Helmet 0
349 42 392 42 392 100 349 100 With-Helmet 0
399 69 413 69 413 103 399 103 With-Helmet 0
387 69 404 69 404 96 387 96 With-Helmet 0