257 0 279 0 279 86 257 86 With-Helmet 0
185 265 233 265 233 326 185 326 With-Helmet 0
123 310 144 310 144 338 123 338 With-Helmet 0
183 290 209 290 209 324 183 324 With-Helmet 0
43 337 76 337 76 378 43 378 With-Helmet 0
13 363 32 363 32 389 13 389 With-Helmet 0
32 355 57.00000000000001 355 57.00000000000001 387 32 387 With-Helmet 0
220 248 256 248 256 293 220 293 With-Helmet 0
133 281 164 281 164 327 133 327 With-Helmet 0
74 293 119 293 119 354 74 354 With-Helmet 0
277 153 372 153 372 232 277 232 With-Helmet 0