49 0 98 0 98 43 49 43 With-Helmet 0
42 0 70 0 70 29.999999999999996 42 29.999999999999996 With-Helmet 0
141 0 164 0 164 11 141 11 With-Helmet 0
20 7 49 7 49 42 20 42 With-Helmet 0
191 13 327 13 327 238.99999999999997 191 238.99999999999997 With-Helmet 0
280 46 382 46 382 185 280 185 With-Helmet 0
52 241.00000000000003 110 241.00000000000003 110 305 52 305 With-Helmet 0
116 241.00000000000003 151 241.00000000000003 151 265 116 265 Without-Helmet 0
282 345 307 345 307 386 282 386 With-Helmet 0
335 362 355 362 355 391 335 391 With-Helmet 0
362 366 377 366 377 396 362 396 With-Helmet 0
191 297 203 297 203 346 191 346 With-Helmet 0