244 21 314 21 314 102 244 102 With-Helmet 0
50 316 76 316 76 354 50 354 With-Helmet 0
0 341 16 341 16 377 0 377 With-Helmet 0
143 334 164 334 164 362 143 362 Without-Helmet 0
57.00000000000001 247 95 247 95 301 57.00000000000001 301 With-Helmet 0
311 352 337 352 337 386 311 386 With-Helmet 0
263 380 292 380 292 411 263 411 Without-Helmet 0
400 346 415 346 415 372 400 372 Without-Helmet 0
326 390 360 390 360 415 326 415 With-Helmet 0
259 251.99999999999997 277 251.99999999999997 277 278 259 278 Without-Helmet 0
222 273 236 273 236 293 222 293 With-Helmet 0
316 264 332 264 332 288 316 288 With-Helmet 0
364 272 391 272 391 307 364 307 Without-Helmet 0
228.00000000000003 321 246 321 246 344 228.00000000000003 344 With-Helmet 0
262 310 283 310 283 338 262 338 Without-Helmet 0