0 4 36 4 36 72 0 72 Without-Helmet 0
357 1 415 1 415 111 357 111 With-Helmet 0
179 9 233 9 233 101 179 101 Without-Helmet 0
329 282 362 282 362 293 329 293 Without-Helmet 0
276 282 296 282 296 292 276 292 Without-Helmet 0
221 282 248 282 248 306 221 306 Without-Helmet 0
166 282 193 282 193 319 166 319 Without-Helmet 0
292 282 321 282 321 299 292 299 With-Helmet 0
370 282 387 282 387 288 370 288 Without-Helmet 0
185 282 216.00000000000003 282 216.00000000000003 325 185 325 Without-Helmet 0
251 282 272 282 272 313 251 313 Without-Helmet 0