274 104 290 104 290 169 274 169 With-Helmet 0
274 13 328 13 328 118 274 118 With-Helmet 0
248 344 273 344 273 399 248 399 With-Helmet 0
210 343 252.99999999999997 343 252.99999999999997 401 210 401 With-Helmet 0
192 354 225 354 225 404 192 404 With-Helmet 0
167 370 204 370 204 415 167 415 With-Helmet 0
142 361 170 361 170 402 142 402 With-Helmet 0
104 370 141 370 141 415 104 415 With-Helmet 0
59.99999999999999 380 97 380 97 415 59.99999999999999 415 With-Helmet 0
18 379 57.00000000000001 379 57.00000000000001 415 18 415 With-Helmet 0
274 237 288 237 288 272 274 272 Without-Helmet 0
294 237 354 237 354 281 294 281 With-Helmet 0
288 252.99999999999997 320 252.99999999999997 320 292 288 292 Without-Helmet 0