58 13 119 13 119 86 58 86 Without-Helmet 0
215.00000000000003 3 275 3 275 102 215.00000000000003 102 With-Helmet 0
389 262 406 262 406 271 389 271 With-Helmet 0
371 283 389 283 389 311 371 311 With-Helmet 0
206 314 229.00000000000003 314 229.00000000000003 348 206 348 With-Helmet 0
155 339 180 339 180 368 155 368 Without-Helmet 0
296 317 310 317 310 341 296 341 Without-Helmet 0
216.00000000000003 355 247 355 247 392 216.00000000000003 392 With-Helmet 0
267 262 292 262 292 275 267 275 Without-Helmet 0
127.00000000000001 275 142 275 142 298 127.00000000000001 298 With-Helmet 0
162 268 180 268 180 296 162 296 Without-Helmet 0