219 0 287 0 287 97 219 97 With-Helmet 0
39 0 90 0 90 70 39 70 Without-Helmet 0
287 155 294 155 294 190 287 190 With-Helmet 0
74 257 93 257 93 272 74 272 With-Helmet 0
196 257 249 257 249 295 196 295 With-Helmet 0
106 257 142 257 142 294 106 294 With-Helmet 0
19 257 37 257 37 287 19 287 With-Helmet 0
86 257 118 257 118 290 86 290 With-Helmet 0
29.999999999999996 257 59 257 59 295 29.999999999999996 295 With-Helmet 0
147 257 186 257 186 309 147 309 With-Helmet 0
0 257 6 257 6 293 0 293 With-Helmet 0