119 0 140 0 140 61 119 61 With-Helmet 0
86 2 119 2 119 53 86 53 With-Helmet 0
47 0 84 0 84 52 47 52 With-Helmet 0
28 5 54.00000000000001 5 54.00000000000001 52 28 52 With-Helmet 0
0 19 29.999999999999996 19 29.999999999999996 73 0 73 With-Helmet 0
374 0 415 0 415 44 374 44 Without-Helmet 0
219 33 259 33 259 79 219 79 Without-Helmet 0
0 141 83 141 83 225.99999999999997 0 225.99999999999997 With-Helmet 0
375 254.00000000000003 412 254.00000000000003 412 309 375 309 With-Helmet 0
305 277 322 277 322 303 305 303 With-Helmet 0
369 273 389 273 389 305 369 305 With-Helmet 0
219 285 247 285 247 322 219 322 With-Helmet 0
184 300 200 300 200 324 184 324 With-Helmet 0
205 298 225 298 225 328 205 328 With-Helmet 0
322 252.99999999999997 344 252.99999999999997 344 297 322 297 With-Helmet 0
260 251.99999999999997 294 251.99999999999997 294 309 260 309 With-Helmet 0