225.99999999999997 84 265 84 265 139 225.99999999999997 139 With-Helmet 0
157 104 174 104 174 130 157 130 With-Helmet 0
220 102 241.00000000000003 102 241.00000000000003 135 220 135 With-Helmet 0
71 109 99 109 99 146 71 146 With-Helmet 0
37 123 53 123 53 147 37 147 With-Helmet 0
58 122 78 122 78 152 58 152 With-Helmet 0
264 74 281 74 281 117 264 117 With-Helmet 0
173 80 196 80 196 125 173 125 With-Helmet 0
111 78 146 78 146 135 111 135 With-Helmet 0
111 158 133 158 133 168 111 168 With-Helmet 0
230 158 281 158 281 186 230 186 With-Helmet 0
144 158 183 158 183 189 144 189 With-Helmet 0
59 158 80 158 80 185 59 185 With-Helmet 0
125.99999999999999 158 159 158 159 185 125.99999999999999 185 With-Helmet 0
71 158 102 158 102 193 71 193 With-Helmet 0
185 158 228.00000000000003 158 228.00000000000003 202 185 202 With-Helmet 0
24 158 50 158 50 193 24 193 With-Helmet 0
0 159 14.999999999999998 159 14.999999999999998 203 0 203 With-Helmet 0