45 134 66 134 66 160 45 160 With-Helmet 0
134 114.00000000000001 157 114.00000000000001 157 146 134 146 With-Helmet 0
258 0 328 0 328 31 258 31 With-Helmet 0
376 318 394 318 394 345 376 345 With-Helmet 0
357 359 377 359 377 387 357 387 With-Helmet 0
191 401 217 401 217 415 191 415 With-Helmet 0
281 398 299 398 299 415 281 415 Without-Helmet 0
158 300 170 300 170 327 158 327 Without-Helmet 0
312 261 329 261 329 286 312 286 With-Helmet 0
207 314 224 314 224 337 207 337 With-Helmet 0
254.00000000000003 323 281 323 281 358 254.00000000000003 358 Without-Helmet 0
326 309 344 309 344 337 326 337 With-Helmet 0
158 358 169 358 169 387 158 387 Without-Helmet 0