0 0 84 0 84 92 0 92 With-Helmet 0
312 128 385 128 385 182 312 182 With-Helmet 0
225 33 254.00000000000003 33 254.00000000000003 69 225 69 With-Helmet 0
319 0 354 0 354 28 319 28 With-Helmet 0
187 69 197 69 197 125.99999999999999 187 125.99999999999999 With-Helmet 0
346 0 383 0 383 25 346 25 With-Helmet 0
369 0 412 0 412 25 369 25 With-Helmet 0
267 35 302 35 302 78 267 78 With-Helmet 0
290 22 347 22 347 89 290 89 With-Helmet 0
266 62.99999999999999 316 62.99999999999999 316 124 266 124 With-Helmet 0
213.99999999999997 25 239.99999999999997 25 239.99999999999997 53 213.99999999999997 53 With-Helmet 0
387 10 415 10 415 62.99999999999999 387 62.99999999999999 With-Helmet 0
187 115 222 115 222 175 187 175 With-Helmet 0
232 99 289 99 289 164 232 164 With-Helmet 0
356 37 415 37 415 115 356 115 With-Helmet 0
232 14 265 14 265 51 232 51 With-Helmet 0
7 183 102 183 102 233 7 233 With-Helmet 0
270 205 313 205 313 250 270 250 Without-Helmet 0
359 183 391 183 391 198 359 198 Without-Helmet 0