101 43 172 43 172 128 101 128 With-Helmet 0
8 0 88 0 88 89 8 89 With-Helmet 0
54.00000000000001 202 83 202 83 235 54.00000000000001 235 Without-Helmet 0
206 238.99999999999997 239.99999999999997 238.99999999999997 239.99999999999997 284 206 284 Without-Helmet 0
97 212 144 212 144 268 97 268 Without-Helmet 0
16 206 49 206 49 245 16 245 Without-Helmet 0
241.00000000000003 201 251.99999999999997 201 251.99999999999997 237 241.00000000000003 237 With-Helmet 0
331 166 391 166 391 235 331 235 With-Helmet 0
294 185 338 185 338 239.99999999999997 294 239.99999999999997 With-Helmet 0
275 188 307 188 307 234 275 234 With-Helmet 0
254.00000000000003 191 283 191 283 230 254.00000000000003 230 With-Helmet 0