95 0 215.00000000000003 0 215.00000000000003 132 95 132 Without-Helmet 0
0 245 11 245 11 298 0 298 With-Helmet 0
67 305 125 305 125 369 67 369 With-Helmet 0
174 234 215.00000000000003 234 215.00000000000003 287 174 287 Without-Helmet 0
264 194 300 194 300 250 264 250 With-Helmet 0
341 230 375 230 375 282 341 282 With-Helmet 0
216.00000000000003 188 238 188 238 241.00000000000003 216.00000000000003 241.00000000000003 With-Helmet 0
403 258 415 258 415 308 403 308 With-Helmet 0
303 236 330 236 330 281 303 281 With-Helmet 0
288 237 316 237 316 285 288 285 With-Helmet 0
360 268 387 268 387 309 360 309 With-Helmet 0