0 0 94 0 94 103 0 103 With-Helmet 0
123 51 175 51 175 117 123 117 With-Helmet 0
304 0 325 0 325 27.000000000000004 304 27.000000000000004 Without-Helmet 0
375 0 412 0 412 50 375 50 With-Helmet 0
402 5 415 5 415 38 402 38 With-Helmet 0
284 0 308 0 308 36 284 36 With-Helmet 0
283 23 316 23 316 75 283 75 With-Helmet 0
207 23 242.00000000000003 23 242.00000000000003 73 207 73 With-Helmet 0
323 29 360 29 360 81 323 81 With-Helmet 0
108.00000000000001 286 137 286 137 325 108.00000000000001 325 With-Helmet 0
56 256 87 256 87 296 56 296 With-Helmet 0