393 16 415 16 415 55 393 55 Without-Helmet 0
341 0 381 0 381 39 341 39 Without-Helmet 0
282 0 332 0 332 18 282 18 Without-Helmet 0
405 23 415 23 415 74 405 74 With-Helmet 0
300 0 346 0 346 35 300 35 Without-Helmet 0
360 21 389 21 389 58 360 58 Without-Helmet 0
145 288 164 288 164 311 145 311 Without-Helmet 0
160 301 185 301 185 328 160 328 Without-Helmet 0
189 323 228.00000000000003 323 228.00000000000003 362 189 362 Without-Helmet 0
299 166 415 166 415 216.00000000000003 299 216.00000000000003 With-Helmet 0
359 295 404 295 404 347 359 347 With-Helmet 0