369 24 391 24 391 59.99999999999999 369 59.99999999999999 With-Helmet 0
400 19 415 19 415 78 400 78 With-Helmet 0
316 45 337 45 337 81 316 81 With-Helmet 0
383 32 415 32 415 76 383 76 With-Helmet 0
327 40 359 40 359 88 327 88 With-Helmet 0
279 53 306 53 306 92 279 92 With-Helmet 0
245 62 271 62 271 105 245 105 With-Helmet 0
245 76 251 76 251 103 245 103 With-Helmet 0
89 316 123 316 123 364 89 364 With-Helmet 0
64 343 92 343 92 386 64 386 With-Helmet 0
0 369 7 369 7 408 0 408 With-Helmet 0
19 370 43 370 43 405 19 405 With-Helmet 0
38 366 70 366 70 409 38 409 With-Helmet 0
223 252.99999999999997 244 252.99999999999997 244 307 223 307 With-Helmet 0
150 260 196 260 196 335 150 335 With-Helmet 0