95 36 161 36 161 100 95 100 Without-Helmet 0
47 40 103 40 103 97 47 97 Without-Helmet 0
185 14.999999999999998 221 14.999999999999998 221 92 185 92 With-Helmet 0
175 35 195 35 195 77 175 77 With-Helmet 0
273 42 290 42 290 74 273 74 With-Helmet 0
390 0 415 0 415 61 390 61 With-Helmet 0
305 0 356 0 356 70 305 70 With-Helmet 0
215.00000000000003 3 245 3 245 49 215.00000000000003 49 With-Helmet 0
29 289 47 289 47 319 29 319 Without-Helmet 0
59 299 76 299 76 319 59 319 With-Helmet 0
146 292 168 292 168 330 146 330 With-Helmet 0