96 208 140 208 140 251 96 251 With-Helmet 0
141 231 145 231 145 274 141 274 Without-Helmet 0
196 208 224 208 224 243 196 243 With-Helmet 0
181 208 225 208 225 257 181 257 With-Helmet 0
180 223 201 223 201 251.99999999999997 180 251.99999999999997 With-Helmet 0
248 208 292 208 292 242.00000000000003 248 242.00000000000003 With-Helmet 0
246 212.99999999999997 267 212.99999999999997 267 242.00000000000003 246 242.00000000000003 With-Helmet 0
232 225.99999999999997 249 225.99999999999997 249 246 232 246 With-Helmet 0
311 208 353 208 353 225.99999999999997 311 225.99999999999997 With-Helmet 0
289 208 311 208 311 233 289 233 With-Helmet 0
303 208 324 208 324 231 303 231 With-Helmet 0
358 208 382 208 382 215.00000000000003 358 215.00000000000003 With-Helmet 0
346 208 368 208 368 222 346 222 With-Helmet 0