105 211 132 211 132 281 105 281 With-Helmet 0
87 238 130 238 130 302 87 302 With-Helmet 0
0 243 52 243 52 321 0 321 With-Helmet 0
399 290 414 290 414 317 399 317 With-Helmet 0
230 300 250 300 250 332 230 332 With-Helmet 0
175 318 200 318 200 344 175 344 Without-Helmet 0
319 314 332 314 332 337 319 337 Without-Helmet 0
233 342 261 342 261 377 233 377 With-Helmet 0
209 190 223 190 223 216.00000000000003 209 216.00000000000003 Without-Helmet 0
372 184 385 184 385 207 372 207 With-Helmet 0
167 202 178 202 178 221 167 221 With-Helmet 0
261 215.00000000000003 273 215.00000000000003 273 237 261 237 With-Helmet 0
304 235 325 235 325 267 304 267 Without-Helmet 0
377 234 391 234 391 262 377 262 With-Helmet 0
160 250 173 250 173 273 160 273 With-Helmet 0
194 248 211 248 211 274 194 274 Without-Helmet 0