35 0 86 0 86 67 35 67 Without-Helmet 0
332 0 350 0 350 21 332 21 With-Helmet 0
365 0 398 0 398 46 365 46 With-Helmet 0
278 0 295 0 295 31 278 31 With-Helmet 0
346 0 375 0 375 40 346 40 With-Helmet 0
290 0 316 0 316 41 290 41 With-Helmet 0
407 0 415 0 415 64 407 64 With-Helmet 0
241.00000000000003 0 263 0 263 35 241.00000000000003 35 With-Helmet 0
202 0 226.99999999999997 0 226.99999999999997 40 202 40 With-Helmet 0
193 11 207 11 207 36 193 36 With-Helmet 0
183 6 189 6 189 47 183 47 With-Helmet 0
90 224 181 224 181 247 90 247 Without-Helmet 0