148 104 171 104 171 133 148 133 Without-Helmet 0
23 54.00000000000001 55 54.00000000000001 55 94 23 94 Without-Helmet 0
156 108.00000000000001 182 108.00000000000001 182 143 156 143 Without-Helmet 0
61 66 99 66 99 115 61 115 Without-Helmet 0
116 91 158 91 158 138 116 138 Without-Helmet 0
88 85 115 85 115 118 88 118 Without-Helmet 0
0 50 36 50 36 101 0 101 Without-Helmet 0
289 67 341 67 341 128 289 128 Without-Helmet 0
274 0 341 0 341 67 274 67 Without-Helmet 0
68 216.00000000000003 125.99999999999999 216.00000000000003 125.99999999999999 271 68 271 With-Helmet 0
309 216.00000000000003 380 216.00000000000003 380 252.99999999999997 309 252.99999999999997 With-Helmet 0