119.99999999999999 57.00000000000001 140 57.00000000000001 140 92 119.99999999999999 92 With-Helmet 0
29.999999999999996 3 101 3 101 79 29.999999999999996 79 With-Helmet 0
206 26 279 26 279 117 206 117 With-Helmet 0
141 29 193 29 193 136 141 136 With-Helmet 0
13 310 43 310 43 347 13 347 Without-Helmet 0
64 282 94 282 94 317 64 317 Without-Helmet 0
402 242.00000000000003 415 242.00000000000003 415 277 402 277 Without-Helmet 0
366 262 393 262 393 297 366 297 Without-Helmet 0
279 297 305 297 305 330 279 330 Without-Helmet 0
328 284 348 284 348 309 328 309 Without-Helmet 0
193 331 216.00000000000003 331 216.00000000000003 364 193 364 Without-Helmet 0
235 314 264 314 264 347 235 347 Without-Helmet 0
148 352 172 352 172 382 148 382 Without-Helmet 0