0 0 173 0 173 170 0 170 With-Helmet 0
332 0 371 0 371 10 332 10 Without-Helmet 0
313 0 342 0 342 27.000000000000004 313 27.000000000000004 Without-Helmet 0
279 11 304 11 304 42 279 42 Without-Helmet 0
174 59.99999999999999 197 59.99999999999999 197 103 174 103 Without-Helmet 0
289 4 320 4 320 40 289 40 Without-Helmet 0
198 38 238.99999999999997 38 238.99999999999997 90 198 90 Without-Helmet 0
251 14 295 14 295 65 251 65 Without-Helmet 0
225.99999999999997 38 256 38 256 74 225.99999999999997 74 Without-Helmet 0
174 74 187 74 187 125.99999999999999 174 125.99999999999999 Without-Helmet 0
200 203 257 203 257 267 200 267 Without-Helmet 0