111 99 179 99 179 191 111 191 With-Helmet 0
67 26 115 26 115 95 67 95 With-Helmet 0
105 0 146 0 146 53 105 53 With-Helmet 0
241.00000000000003 264 282 264 282 330 241.00000000000003 330 With-Helmet 0
212.99999999999997 252.99999999999997 251.99999999999997 252.99999999999997 251.99999999999997 308 212.99999999999997 308 With-Helmet 0
178 230 221 230 221 289 178 289 With-Helmet 0
158 226.99999999999997 192 226.99999999999997 192 278 158 278 With-Helmet 0
124 225.99999999999997 161 225.99999999999997 161 283 124 283 With-Helmet 0
112 205 141 205 141 247 112 247 With-Helmet 0
68 195 104 195 104 249 68 249 With-Helmet 0
22 195 59 195 59 234 22 234 With-Helmet 0