77 116 129 116 129 192 77 192 With-Helmet 0
105 0 132 0 132 9 105 9 With-Helmet 0
133 0 159 0 159 18 133 18 With-Helmet 0
155 0 187 0 187 29 155 29 With-Helmet 0
47 0 73 0 73 34 47 34 With-Helmet 0
72 0 115 0 115 59 72 59 With-Helmet 0
43 25 77 25 77 81 43 81 With-Helmet 0
167 28 201 28 201 75 167 75 With-Helmet 0
4 48 46 48 46 105 4 105 With-Helmet 0
134 46 180 46 180 114.00000000000001 134 114.00000000000001 With-Helmet 0
367 29 393 29 393 61 367 61 With-Helmet 0
158 249 182 249 182 291 158 291 Without-Helmet 0
21 260 47 260 47 298 21 298 Without-Helmet 0
360 279 390 279 390 320 360 320 Without-Helmet 0
266 347 297 347 297 384 266 384 With-Helmet 0
225 329 239.99999999999997 329 239.99999999999997 351 225 351 With-Helmet 0