34 74 45 74 45 90 34 90 Without-Helmet 0
326 87 341 87 341 112.99999999999999 326 112.99999999999999 With-Helmet 0
306 124 323 124 323 152 306 152 With-Helmet 0
140 143 163 143 163 177 140 177 With-Helmet 0
231 153 245 153 245 176 231 176 Without-Helmet 0
151 184 180 184 180 222 151 222 With-Helmet 0
262 20 277 20 277 44 262 44 With-Helmet 0
157 57.00000000000001 171 57.00000000000001 171 80 157 80 With-Helmet 0
203 74 226.99999999999997 74 226.99999999999997 108.00000000000001 203 108.00000000000001 Without-Helmet 0
276 70 291 70 291 98 276 98 With-Helmet 0
48 288 108.00000000000001 288 108.00000000000001 374 48 374 Without-Helmet 0