0 97 8 97 8 133 0 133 Without-Helmet 0
161 33 193 33 193 73 161 73 Without-Helmet 0
33 99 59 99 59 131 33 131 Without-Helmet 0
140 59.99999999999999 174 59.99999999999999 174 104 140 104 Without-Helmet 0
200 33 236 33 236 85 200 85 Without-Helmet 0
58 111 94 111 94 155 58 155 Without-Helmet 0
344 26 384 26 384 74 344 74 Without-Helmet 0
239.99999999999997 62.99999999999999 272 62.99999999999999 272 101 239.99999999999997 101 With-Helmet 0
384 0 413 0 413 23 384 23 With-Helmet 0
237 93 250 93 250 133 237 133 Without-Helmet 0
307 46 340 46 340 86 307 86 Without-Helmet 0
265 38 293 38 293 72 265 72 Without-Helmet 0
296 21 317 21 317 47 296 47 Without-Helmet 0
369 7 396 7 396 40 369 40 With-Helmet 0
334 6 357 6 357 33 334 33 Without-Helmet 0
14 252.99999999999997 62.99999999999999 252.99999999999997 62.99999999999999 266 14 266 With-Helmet 0