289 0 329 0 329 47 289 47 With-Helmet 0
129 12 164 12 164 67 129 67 With-Helmet 0
211 12 245 12 245 64 211 64 With-Helmet 0
277 11 307 11 307 59 277 59 With-Helmet 0
180 35 207 35 207 80 180 80 With-Helmet 0
374 16 404 16 404 59.99999999999999 374 59.99999999999999 With-Helmet 0
169 43 197 43 197 90 169 90 With-Helmet 0
339 25 366 25 366 67 339 67 With-Helmet 0
244 41 270 41 270 82 244 82 With-Helmet 0
5 133 57.00000000000001 133 57.00000000000001 169 5 169 With-Helmet 0
49 133 92 133 92 164 49 164 With-Helmet 0