0 0 86 0 86 76 0 76 With-Helmet 0
243 92 353 92 353 177 243 177 Without-Helmet 0
106.99999999999999 178 174 178 174 239.99999999999997 106.99999999999999 239.99999999999997 Without-Helmet 0
142 178 190 178 190 221 142 221 Without-Helmet 0
127.00000000000001 178 184 178 184 221 127.00000000000001 221 Without-Helmet 0
318 181 340 181 340 204 318 204 Without-Helmet 0
212.99999999999997 237 245 237 245 273 212.99999999999997 273 With-Helmet 0
306 194 340 194 340 233 306 233 With-Helmet 0
255.00000000000003 224 290 224 290 260 255.00000000000003 260 With-Helmet 0
204 300 252.99999999999997 300 252.99999999999997 355 204 355 Without-Helmet 0
312 269 367 269 367 331 312 331 Without-Helmet 0