80 101 119 101 119 153 80 153 Without-Helmet 0
0 146 44 146 44 173 0 173 Without-Helmet 0
262 10 269 10 269 49 262 49 Without-Helmet 0
144 90 171 90 171 128 144 128 Without-Helmet 0
229.00000000000003 37 269 37 269 85 229.00000000000003 85 With-Helmet 0
182 59.99999999999999 225.99999999999997 59.99999999999999 225.99999999999997 119 182 119 With-Helmet 0
0 203 58 203 58 302 0 302 Without-Helmet 0
81 174 169 174 169 248 81 248 Without-Helmet 0
399 201 415 201 415 251 399 251 With-Helmet 0
281 277 323 277 323 328 281 328 With-Helmet 0
343 251.99999999999997 397 251.99999999999997 397 317 343 317 With-Helmet 0
270 322 295 322 295 393 270 393 With-Helmet 0