93 29.999999999999996 125.99999999999999 29.999999999999996 125.99999999999999 62 93 62 Without-Helmet 0
118 26 168 26 168 62 118 62 Without-Helmet 0
317 0 383 0 383 121.00000000000001 317 121.00000000000001 With-Helmet 0
389 0 415 0 415 118 389 118 With-Helmet 0
163 287 176 287 176 310 163 310 With-Helmet 0
31 307 48 307 48 333 31 333 With-Helmet 0
100 304 117 304 117 336 100 336 Without-Helmet 0
23 319 40 319 40 345 23 345 With-Helmet 0
211 296 244 296 244 338 211 338 With-Helmet 0
72 314 104 314 104 370 72 370 With-Helmet 0
153 312 192 312 192 373 153 373 With-Helmet 0