159 6 195 6 195 84 159 84 Without-Helmet 0
124 14 169 14 169 92 124 92 Without-Helmet 0
284 34 323 34 323 91 284 91 With-Helmet 0
141 137 174 137 174 158 141 158 With-Helmet 0
33 137 101 137 101 192 33 192 With-Helmet 0
0 137 16 137 16 184 0 184 With-Helmet 0
291 255.00000000000003 318 255.00000000000003 318 302 291 302 With-Helmet 0
262 280 283 280 283 322 262 322 With-Helmet 0
212.99999999999997 304 232 304 232 337 212.99999999999997 337 With-Helmet 0
232 301 258 301 258 343 232 343 With-Helmet 0
359 204 395 204 395 277 359 277 With-Helmet 0