284 102 348 102 348 169 284 169 With-Helmet 0
411 0 415 0 415 29 411 29 Without-Helmet 0
0 170 27.000000000000004 170 27.000000000000004 189 0 189 With-Helmet 0
53 170 90 170 90 186 53 186 With-Helmet 0
27.000000000000004 170 47 170 47 185 27.000000000000004 185 With-Helmet 0
42 170 59 170 59 185 42 185 With-Helmet 0
99 170 119 170 119 181 99 181 With-Helmet 0
128 170 146 170 146 176 128 176 With-Helmet 0
86 170 104 170 104 185 86 185 With-Helmet 0
134 170 174 170 174 194 134 194 With-Helmet 0
173 170 189 170 189 176 173 176 With-Helmet 0
206 170 231 170 231 181 206 181 With-Helmet 0
341 170 409 170 409 196 341 196 With-Helmet 0
307 170 389 170 389 236 307 236 With-Helmet 0