105 0 177 0 177 51 105 51 With-Helmet 0
275 122 327 122 327 196 275 196 With-Helmet 0
398 0 415 0 415 17 398 17 With-Helmet 0
341 0 368 0 368 24 341 24 With-Helmet 0
367 2 393 2 393 38 367 38 With-Helmet 0
387 9 415 9 415 53 387 53 With-Helmet 0
278 0 304 0 304 38 278 38 With-Helmet 0
299 9 341 9 341 67 299 67 With-Helmet 0
264 28 299 28 299 83 264 83 With-Helmet 0
388 53 415 53 415 100 388 100 With-Helmet 0
219 43 261 43 261 100 219 100 With-Helmet 0
349 65 395 65 395 133 349 133 With-Helmet 0
72 316 151 316 151 351 72 351 Without-Helmet 0