0 0 44 0 44 88 0 88 With-Helmet 0
262 0 386 0 386 55 262 55 With-Helmet 0
189 239.99999999999997 198 239.99999999999997 198 277 189 277 Without-Helmet 0
153 261 175 261 175 292 153 292 Without-Helmet 0
27.000000000000004 310 59 310 59 352 27.000000000000004 352 Without-Helmet 0
163 254.00000000000003 192 254.00000000000003 192 290 163 290 Without-Helmet 0
67 287 103 287 103 339 67 339 Without-Helmet 0
123 264 164 264 164 314 123 314 Without-Helmet 0
96 288 122 288 122 323 96 323 Without-Helmet 0
5 323 45 323 45 375 5 375 Without-Helmet 0
225 216.00000000000003 267 216.00000000000003 267 248 225 248 Without-Helmet 0