0 0 46 0 46 47 0 47 Without-Helmet 0
6 0 62 0 62 51 6 51 Without-Helmet 0
280 0 359 0 359 19 280 19 With-Helmet 0
322 0 396 0 396 49 322 49 With-Helmet 0
361 0 415 0 415 69 361 69 Without-Helmet 0
302 318 352 318 352 380 302 380 With-Helmet 0
154 243 200 243 200 299 154 299 With-Helmet 0
222 291 266 291 266 344 222 344 With-Helmet 0
98 232 140 232 140 280 98 280 With-Helmet 0
279 329 317 329 317 377 279 377 With-Helmet 0
185 290 220 290 220 334 185 334 With-Helmet 0
356 389 395 389 395 415 356 415 With-Helmet 0
170 289 206 289 206 336 170 336 With-Helmet 0
322 375 358 375 358 415 322 415 With-Helmet 0
235 331 269 331 269 372 235 372 With-Helmet 0