25 0 84 0 84 17 25 17 With-Helmet 0
3 0 58 0 58 23 3 23 Without-Helmet 0
380 118 400 118 400 147 380 147 With-Helmet 0
367 158 389 158 389 186 367 186 With-Helmet 0
304 0 317 0 317 17 304 17 With-Helmet 0
154 101 173 101 173 129 154 129 Without-Helmet 0
307 61 324 61 324 86 307 86 With-Helmet 0
211 114.00000000000001 228.00000000000003 114.00000000000001 228.00000000000003 139 211 139 With-Helmet 0
260 123 288 123 288 159 260 159 Without-Helmet 0
329 109 348 109 348 138 329 138 With-Helmet 0
159 159 182 159 182 186 159 186 Without-Helmet 0
94 187 118 187 118 201 94 201 Without-Helmet 0
153 187 182 187 182 238.99999999999997 153 238.99999999999997 With-Helmet 0
204 187 252.99999999999997 187 252.99999999999997 245 204 245 With-Helmet 0