161 0 210 0 210 19 161 19 Without-Helmet 0
245 99 346 99 346 196 245 196 With-Helmet 0
267 137 374 137 374 219 267 219 With-Helmet 0
295 10 352 10 352 67 295 67 With-Helmet 0
224 0 298 0 298 79 224 79 With-Helmet 0
384 96 408 96 408 127.00000000000001 384 127.00000000000001 Without-Helmet 0
173 390 188 390 188 408 173 408 Without-Helmet 0
9 304 32 304 32 329 9 329 With-Helmet 0
0 317 27.000000000000004 317 27.000000000000004 370 0 370 Without-Helmet 0
297 220 363 220 363 278 297 278 Without-Helmet 0
358 230 407 230 407 295 358 295 With-Helmet 0