179 11 218 11 218 67 179 67 With-Helmet 0
174 35 193 35 193 66 174 66 With-Helmet 0
160 45 175 45 175 66 160 66 With-Helmet 0
243 7 281 7 281 61 243 61 With-Helmet 0
219 29.999999999999996 238 29.999999999999996 238 62 219 62 With-Helmet 0
234 35 251 35 251 62 234 62 With-Helmet 0
289 24 310 24 310 54.00000000000001 289 54.00000000000001 With-Helmet 0
319 19 337 19 337 48 319 48 With-Helmet 0
277 29.999999999999996 295 29.999999999999996 295 59.99999999999999 277 59.99999999999999 With-Helmet 0
324 7 364 7 364 65 324 65 With-Helmet 0
374 9 397 9 397 43 374 43 With-Helmet 0
363 19 380 19 380 46 363 46 With-Helmet 0
395 10 415 10 415 50 395 50 With-Helmet 0
47 203 96 203 96 232 47 232 With-Helmet 0