119.99999999999999 0 212 0 212 117 119.99999999999999 117 With-Helmet 0
216.00000000000003 8 364 8 364 119.99999999999999 216.00000000000003 119.99999999999999 With-Helmet 0
74 199 119 199 119 263 74 263 With-Helmet 0
0 199 29 199 29 272 0 272 With-Helmet 0
8 220 65 220 65 297 8 297 With-Helmet 0
397 225 415 225 415 259 397 259 Without-Helmet 0
361 218 381 218 381 247 361 247 Without-Helmet 0
235 199 266 199 266 223 235 223 Without-Helmet 0
371 221 396 221 396 255.00000000000003 371 255.00000000000003 Without-Helmet 0
275 199 309 199 309 238 275 238 Without-Helmet 0
330 207 367 207 367 254.00000000000003 330 254.00000000000003 Without-Helmet 0
302 205 326 205 326 238.99999999999997 302 238.99999999999997 Without-Helmet 0
209 199 245 199 245 232 209 232 Without-Helmet 0
127.00000000000001 199 163 199 163 210 127.00000000000001 210 Without-Helmet 0