179 47 194 47 194 85 179 85 Without-Helmet 0
123 39 148 39 148 88 123 88 Without-Helmet 0
59.99999999999999 29 91 29 91 90 59.99999999999999 90 Without-Helmet 0
84 43 112 43 112 100 84 100 Without-Helmet 0
148 66 167 66 167 100 148 100 Without-Helmet 0
0 46 18 46 18 99 0 99 Without-Helmet 0
233 0 308 0 308 68 233 68 Without-Helmet 0
195 0 238 0 238 52 195 52 Without-Helmet 0
0 266 85 266 85 322 0 322 With-Helmet 0
100 266 173 266 173 315 100 315 Without-Helmet 0
360 266 415 266 415 338 360 338 With-Helmet 0