49 0 119.99999999999999 0 119.99999999999999 88 49 88 With-Helmet 0
266 0 415 0 415 160 266 160 With-Helmet 0
64 292 116 292 116 364 64 364 With-Helmet 0
131 257 180 257 180 305 131 305 With-Helmet 0
181 257 223 257 223 283 181 283 With-Helmet 0
36 288 72 288 72 336 36 336 With-Helmet 0
266 300 279 300 279 339 266 339 Without-Helmet 0
358 263 386 263 386 299 358 299 Without-Helmet 0
294 287 333 287 333 338 294 338 Without-Helmet 0
377 257 415 257 415 312 377 312 Without-Helmet 0
331 273 380 273 380 335 331 335 With-Helmet 0