92 0 146 0 146 17 92 17 With-Helmet 0
12 0 70 0 70 54.00000000000001 12 54.00000000000001 With-Helmet 0
193 0 247 0 247 36 193 36 With-Helmet 0
355 39 382 39 382 76 355 76 Without-Helmet 0
408 47 415 47 415 81 408 81 Without-Helmet 0
327 83 360 83 360 121.00000000000001 327 121.00000000000001 Without-Helmet 0
262 112.99999999999999 296 112.99999999999999 296 157 262 157 Without-Helmet 0
298 110 330 110 330 150 298 150 Without-Helmet 0
262 258 305 258 305 312 262 312 With-Helmet 0
305 256 340 256 340 299 305 299 With-Helmet 0
357 251.99999999999997 378 251.99999999999997 378 278 357 278 With-Helmet 0