1 0 59 0 59 66 1 66 With-Helmet 0
0 0 12 0 12 41 0 41 With-Helmet 0
325 0 391 0 391 72 325 72 Without-Helmet 0
87 241.00000000000003 157 241.00000000000003 157 322 87 322 With-Helmet 0
0 153 25 153 25 173 0 173 With-Helmet 0
37 153 73 153 73 185 37 185 With-Helmet 0
61 153 118 153 118 197 61 197 With-Helmet 0
39 171 87 171 87 231 39 231 With-Helmet 0
158 153 203 153 203 176 158 176 With-Helmet 0
5 207 59.99999999999999 207 59.99999999999999 269 5 269 With-Helmet 0
128 153 192 153 192 225.99999999999997 128 225.99999999999997 With-Helmet 0
212 153 231 153 231 220 212 220 With-Helmet 0