173 35 207 35 207 93 173 93 Without-Helmet 0
65 110 105 110 105 155 65 155 Without-Helmet 0
13 88 32 88 32 111 13 111 Without-Helmet 0
114.00000000000001 45 132 45 132 67 114.00000000000001 67 Without-Helmet 0
37 98 64 98 64 129 37 129 Without-Helmet 0
248 0 376 0 376 114.00000000000001 248 114.00000000000001 Without-Helmet 0
88 287 129 287 129 332 88 332 Without-Helmet 0
11 330 40 330 40 362 11 362 Without-Helmet 0
278 212 328 212 328 247 278 247 Without-Helmet 0
232 224 263 224 263 262 232 262 Without-Helmet 0
208 241.00000000000003 222 241.00000000000003 222 294 208 294 Without-Helmet 0
246 212 290 212 290 263 246 263 With-Helmet 0
324 212 351 212 351 229.00000000000003 324 229.00000000000003 Without-Helmet 0
213.99999999999997 254.00000000000003 246 254.00000000000003 246 291 213.99999999999997 291 Without-Helmet 0