112 173 149 173 149 223 112 223 With-Helmet 0
203 140 238 140 238 198 203 198 With-Helmet 0
203 164 212 164 212 195 203 195 With-Helmet 0
265 143 301 143 301 197 265 197 With-Helmet 0
238 163 258 163 258 196 238 196 With-Helmet 0
252.99999999999997 169 270 169 270 196 252.99999999999997 196 With-Helmet 0
310 163 330 163 330 193 310 193 With-Helmet 0
340 160 358 160 358 190 340 190 With-Helmet 0
297 167 315 167 315 198 297 198 With-Helmet 0
345 150 385 150 385 209 345 209 With-Helmet 0
395 156 415 156 415 191 395 191 With-Helmet 0
384 165 401 165 401 191 384 191 With-Helmet 0