199 0 267 0 267 83 199 83 With-Helmet 0
312 0 415 0 415 86 312 86 With-Helmet 0
32 309 64 309 64 344 32 344 With-Helmet 0
0 340 18 340 18 366 0 366 With-Helmet 0
0 346 9 346 9 369 0 369 With-Helmet 0
6 337 29.999999999999996 337 29.999999999999996 364 6 364 With-Helmet 0
92 208 165 208 165 266 92 266 With-Helmet 0
77 242.00000000000003 129 242.00000000000003 129 298 77 298 With-Helmet 0
64 262 104 262 104 308 64 308 With-Helmet 0
48 280 83 280 83 320 48 320 With-Helmet 0
199 238 251.99999999999997 238 251.99999999999997 355 199 355 With-Helmet 0
216.00000000000003 215.00000000000003 288 215.00000000000003 288 303 216.00000000000003 303 With-Helmet 0