312 0 415 0 415 36 312 36 With-Helmet 0
274 0 344 0 344 36 274 36 With-Helmet 0
325 300 378 300 378 374 325 374 With-Helmet 0
403 162 415 162 415 172 403 172 With-Helmet 0
251.99999999999997 162 274 162 274 192 251.99999999999997 192 With-Helmet 0
350 162 377 162 377 190 350 190 With-Helmet 0
203 169 211 169 211 220 203 220 With-Helmet 0
377 162 404 162 404 199 377 199 With-Helmet 0
399 164 415 164 415 208 399 208 With-Helmet 0
292 180 319 180 319 218 292 218 With-Helmet 0
318 183 361 183 361 241.00000000000003 318 241.00000000000003 With-Helmet 0
289 211 324 211 324 265 289 265 With-Helmet 0
242.00000000000003 162 264 162 264 170 242.00000000000003 170 With-Helmet 0
203 225 228.00000000000003 225 228.00000000000003 276 203 276 With-Helmet 0
250 236 293 236 293 291 250 291 With-Helmet 0
380 226.99999999999997 415 226.99999999999997 415 295 380 295 With-Helmet 0
261 162 287 162 287 178 261 178 With-Helmet 0