252.99999999999997 55 267 55 267 115 252.99999999999997 115 Without-Helmet 0
155 116 251.99999999999997 116 251.99999999999997 229.00000000000003 155 229.00000000000003 With-Helmet 0
128 129 221 129 221 241.00000000000003 128 241.00000000000003 With-Helmet 0
252.99999999999997 273 286 273 286 356 252.99999999999997 356 With-Helmet 0
255.00000000000003 118 283 118 283 134 255.00000000000003 134 With-Helmet 0
252.99999999999997 127.00000000000001 272 127.00000000000001 272 169 252.99999999999997 169 With-Helmet 0
258 121.00000000000001 299 121.00000000000001 299 170 258 170 With-Helmet 0
353 121.00000000000001 407 121.00000000000001 407 172 353 172 With-Helmet 0
279 159 324 159 324 210 279 210 With-Helmet 0
252.99999999999997 185 315 185 315 260 252.99999999999997 260 With-Helmet 0
335 185 395 185 395 256 335 256 With-Helmet 0