8 59 127.00000000000001 59 127.00000000000001 198 8 198 With-Helmet 0
149 125 209 125 209 196 149 196 With-Helmet 0
249 0 322 0 322 29.999999999999996 249 29.999999999999996 With-Helmet 0
135 199 196 199 196 232 135 232 With-Helmet 0
39 199 99 199 99 256 39 256 With-Helmet 0
351 199 381 199 381 232 351 232 Without-Helmet 0
364 199 402 199 402 236 364 236 Without-Helmet 0
325 205 346 205 346 238.99999999999997 325 238.99999999999997 Without-Helmet 0
287 212.99999999999997 305 212.99999999999997 305 242.00000000000003 287 242.00000000000003 Without-Helmet 0
297 211 321 211 321 244 297 244 Without-Helmet 0
220 212.99999999999997 229.00000000000003 212.99999999999997 229.00000000000003 264 220 264 Without-Helmet 0
256 211 291 211 291 258 256 258 Without-Helmet 0
226.99999999999997 222 249 222 249 255.00000000000003 226.99999999999997 255.00000000000003 Without-Helmet 0