1 152 97 152 97 241.00000000000003 1 241.00000000000003 With-Helmet 0
28 186 130 186 130 248 28 248 With-Helmet 0
36 58 89 58 89 110 36 110 With-Helmet 0
0 43 34 43 34 132 0 132 With-Helmet 0
133 131 164 131 164 160 133 160 Without-Helmet 0
166 42 266 42 266 196 166 196 With-Helmet 0
155 362 165 362 165 415 155 415 With-Helmet 0
136 361 165 361 165 412 136 412 With-Helmet 0
102 363 141 363 141 415 102 415 With-Helmet 0
90 343 119.99999999999999 343 119.99999999999999 384 90 384 With-Helmet 0
47 334 83 334 83 389 47 389 With-Helmet 0
1 321 38 321 38 378 1 378 With-Helmet 0