0 73 56 73 56 162 0 162 With-Helmet 0
0 102 26 102 26 150 0 150 With-Helmet 0
81 77 111 77 111 114.00000000000001 81 114.00000000000001 With-Helmet 0
0 127.00000000000001 11 127.00000000000001 11 168 0 168 With-Helmet 0
157 0 237 0 237 64 157 64 With-Helmet 0
79 0 169 0 169 101 79 101 With-Helmet 0
12 54.00000000000001 59 54.00000000000001 59 111 12 111 With-Helmet 0
232 0 271 0 271 39 232 39 With-Helmet 0
379 38 415 38 415 133 379 133 With-Helmet 0
61 286 94 286 94 324 61 324 Without-Helmet 0
168 251.99999999999997 196 251.99999999999997 196 288 168 288 Without-Helmet 0
263 245 311 245 311 269 263 269 Without-Helmet 0
218 245 258 245 258 282 218 282 Without-Helmet 0
108.00000000000001 274 148 274 148 325 108.00000000000001 325 Without-Helmet 0
186 245 238 245 238 302 186 302 Without-Helmet 0
26 322 46 322 46 348 26 348 Without-Helmet 0
144 261 194 261 194 324 144 324 With-Helmet 0
323 251 415 251 415 415 323 415 With-Helmet 0