97 122 150 122 150 201 97 201 Without-Helmet 0
62 119 123 119 123 201 62 201 Without-Helmet 0
274 75 310 75 310 122 274 122 Without-Helmet 0
337 96 366 96 366 138 337 138 Without-Helmet 0
389 105 415 105 415 165 389 165 Without-Helmet 0
0 245 106.99999999999999 245 106.99999999999999 392 0 392 With-Helmet 0
390 307 414 307 414 342 390 342 With-Helmet 0
405 311 415 311 415 346 405 346 With-Helmet 0
303 294 335 294 335 334 303 334 With-Helmet 0
345 304 377 304 377 349 345 349 With-Helmet 0
247 300 292 300 292 357 247 357 With-Helmet 0