0 2 49 2 49 103 0 103 With-Helmet 0
191 59.99999999999999 256 59.99999999999999 256 136 191 136 With-Helmet 0
191 28 255.00000000000003 28 255.00000000000003 125 191 125 Without-Helmet 0
135 137 190 137 190 205 135 205 With-Helmet 0
66 158 143 158 143 238 66 238 With-Helmet 0
191 137 215.00000000000003 137 215.00000000000003 177 191 177 With-Helmet 0
191 137 218 137 218 154 191 154 With-Helmet 0
241.00000000000003 137 276 137 276 149 241.00000000000003 149 Without-Helmet 0
216.00000000000003 137 258 137 258 163 216.00000000000003 163 With-Helmet 0
271 137 324 137 324 155 271 155 With-Helmet 0
238 137 288 137 288 184 238 184 With-Helmet 0