206 0 260 0 260 80 206 80 With-Helmet 0
91 0 139 0 139 41 91 41 With-Helmet 0
19 0 64 0 64 68 19 68 With-Helmet 0
271 35 328 35 328 106.99999999999999 271 106.99999999999999 Without-Helmet 0
165 302 250 302 250 387 165 387 With-Helmet 0
204 322 265 322 265 407 204 407 With-Helmet 0
142 212 190 212 190 263 142 263 With-Helmet 0
58 230 142 230 142 313 58 313 With-Helmet 0
256 244 265 244 265 272 256 272 Without-Helmet 0
267 238.99999999999997 296 238.99999999999997 296 280 267 280 Without-Helmet 0
286 245 316 245 316 288 286 288 Without-Helmet 0