192 53 211 53 211 80 192 80 With-Helmet 0
22 90 47 90 47 125.99999999999999 22 125.99999999999999 Without-Helmet 0
204 165 211 165 211 207 204 207 Without-Helmet 0
65 127.00000000000001 90 127.00000000000001 90 160 65 160 Without-Helmet 0
170 171 201 171 201 216.00000000000003 170 216.00000000000003 Without-Helmet 0
74 156 108.00000000000001 156 108.00000000000001 200 74 200 Without-Helmet 0
349 24 370 24 370 50 349 50 With-Helmet 0
88 232 209 232 209 333 88 333 With-Helmet 0
23 232 110 232 110 307 23 307 Without-Helmet 0
212 234 239.99999999999997 234 239.99999999999997 278 212 278 With-Helmet 0
244 259 289 259 289 321 244 321 With-Helmet 0