91 289 161 289 161 370 91 370 With-Helmet 0
0 181 11 181 11 217 0 217 With-Helmet 0
69 153 104 153 104 185 69 185 With-Helmet 0
96 153 132 153 132 184 96 184 With-Helmet 0
118 153 161 153 161 186 118 186 With-Helmet 0
24 188 59 188 59 230 24 230 With-Helmet 0
48 179 105 179 105 243 48 243 With-Helmet 0
212 153 267 153 267 191 212 191 With-Helmet 0
29.999999999999996 217 79 217 79 277 29.999999999999996 277 With-Helmet 0
143 176 188 176 188 225.99999999999997 143 225.99999999999997 With-Helmet 0
2 251.99999999999997 58 251.99999999999997 58 314 2 314 With-Helmet 0
119 202 182 202 182 276 119 276 With-Helmet 0
0 163 18 163 18 200 0 200 With-Helmet 0
202 202 262 202 262 273 202 273 With-Helmet 0
295 219 350 219 350 290 295 290 Without-Helmet 0
394 185 415 185 415 265 394 265 Without-Helmet 0