0 89 23 89 23 117 0 117 With-Helmet 0
59.99999999999999 65 81 65 81 92 59.99999999999999 92 Without-Helmet 0
14 56 29 56 29 75 14 75 With-Helmet 0
219 35 238.99999999999997 35 238.99999999999997 62 219 62 With-Helmet 0
184 17 198 17 198 36 184 36 Without-Helmet 0
276 57.00000000000001 300 57.00000000000001 300 91 276 91 Without-Helmet 0
307 62 329 62 329 86 307 86 With-Helmet 0
391 41 415 41 415 85 391 85 With-Helmet 0
167 224 212.99999999999997 224 212.99999999999997 263 167 263 Without-Helmet 0
271 224 334 224 334 274 271 274 Without-Helmet 0
366 224 415 224 415 268 366 268 Without-Helmet 0