119.99999999999999 0 175 0 175 31 119.99999999999999 31 With-Helmet 0
228.00000000000003 0 352 0 352 112 228.00000000000003 112 With-Helmet 0
376 0 415 0 415 87 376 87 With-Helmet 0
119.99999999999999 238.99999999999997 140 238.99999999999997 140 269 119.99999999999999 269 Without-Helmet 0
191 237 225.99999999999997 237 225.99999999999997 294 191 294 With-Helmet 0
217 251.99999999999997 226.99999999999997 251.99999999999997 226.99999999999997 283 217 283 With-Helmet 0
99 243 122 243 122 278 99 278 With-Helmet 0
97 268 129 268 129 318 97 318 With-Helmet 0
21 266 55 266 55 314 21 314 With-Helmet 0
136 275 172 275 172 325 136 325 With-Helmet 0
363 234 405 234 405 292 363 292 With-Helmet 0