67 65 86 65 86 99 67 99 Without-Helmet 0
115 86 134 86 134 116 115 116 Without-Helmet 0
23 101 47 101 47 136 23 136 Without-Helmet 0
133 110 159 110 159 150 133 150 Without-Helmet 0
0 118 6 118 6 157 0 157 Without-Helmet 0
321 98 354 98 354 133 321 133 With-Helmet 0
397 95 415 95 415 130 397 130 With-Helmet 0
283 117 300 117 300 141 283 141 With-Helmet 0
228.00000000000003 114.00000000000001 273 114.00000000000001 273 169 228.00000000000003 169 With-Helmet 0
245 170 276 170 276 203 245 203 With-Helmet 0
236 170 249 170 249 198 236 198 With-Helmet 0
228.00000000000003 177 232 177 232 197 228.00000000000003 197 With-Helmet 0
310 170 339 170 339 210 310 210 With-Helmet 0
281 174 295 174 295 204 281 204 With-Helmet 0
294 182 306 182 306 207 294 207 With-Helmet 0
352 183 367 183 367 211 352 211 With-Helmet 0
383 184 395 184 395 210 383 210 With-Helmet 0
339 186 351 186 351 213.99999999999997 339 213.99999999999997 With-Helmet 0
388 175 415 175 415 230 388 230 With-Helmet 0