199 58 219 58 219 89 199 89 With-Helmet 0
155 68 168 68 168 90 155 90 With-Helmet 0
146 70 157 70 157 90 146 90 With-Helmet 0
165 71 178 71 178 95 165 95 With-Helmet 0
385 0 415 0 415 55 385 55 With-Helmet 0
304 0 349 0 349 55 304 55 With-Helmet 0
268 23 301 23 301 72 268 72 With-Helmet 0
248 31 271 31 271 74 248 74 With-Helmet 0
225.99999999999997 41 248 41 248 75 225.99999999999997 75 With-Helmet 0
0 178 74 178 74 223 0 223 Without-Helmet 0
255.00000000000003 178 295 178 295 215.00000000000003 255.00000000000003 215.00000000000003 Without-Helmet 0