285 16 318 16 318 61 285 61 Without-Helmet 0
380 23 410 23 410 64 380 64 Without-Helmet 0
343 9 366 9 366 39 343 39 With-Helmet 0
247 7 272 7 272 47 247 47 Without-Helmet 0
218 0 241.00000000000003 0 241.00000000000003 9 218 9 Without-Helmet 0
254.00000000000003 0 272 0 272 5 254.00000000000003 5 Without-Helmet 0
322 12 342 12 342 45 322 45 With-Helmet 0
295 0 314 0 314 17 295 17 Without-Helmet 0
133 224 198 224 198 261 133 261 With-Helmet 0
340 337 399 337 399 415 340 415 With-Helmet 0
272 350 326 350 326 415 272 415 With-Helmet 0
216.00000000000003 339 261 339 261 415 216.00000000000003 415 With-Helmet 0